0011111111101100111110111000011000010100000000101000111101011100
0011111111111001100011100100110111101111111011001010010011101111
0100000000000100110010100000101001000111000100000000010000010110
0100000000000100000000011010101010111010011001101001011101100011
1011111111100001110001111000100000010011110101110101101010100111
0011111111110010110011111001000100101011111100110000100101110000
1011111111111000010110011011101100100001011000110111110001100111
0100000000000100011001110100011000101011001110010111000000111000
1100000000000111100100100111100111011011010101101100110010011010
0100000000010101110101101001101111011100111010001010111011100001
1100000000010110001011000011000100011000100101000101001110110101
0100000000100000011011110100000000110101110001000010110011000110
1100000000100000001001101110010000101011000010100110000001001110
0100000000000101110010001011001010000110011110101011000100010111
1100000000001011100111010101100011000110000110011001001000101011
0100000000011001000111110110011110110011011010000101101101010001
1100000000010001101110110001100010111110110111101100000101101110
0100000000011010111111111011100100110010001001110101111000101111
1100000000100011101111100001100001000010101000101110010011110101
0100000000010000101111101000000011011101101011010111001000010111
1011111111101111010110000001100110000111000001010100000000001101
0100000000000000101000110001110010010100111111010100001110101011
1100000000000111111111101100101100001110101110001100100101011111
0100000000010101001011010101101101001000010011100001100110011011
1100000000010111110111110111010010101011000111101000011010101011
0100000000100000110110110011000010010111110100110101111001000010
1100000000011101100011010000001110110011001011011000010110001100
0100000000000101100101111101000011110011011000101001110011001011
1100000000010000010001000111001011110001111010011010110101000100
0100000000011100111000011101100000100001111111100010100100101000
1100000000010100000001010111011010000111101000100110111000010010
0100000000010110111111011000001010110111001110000100111101011010
1100000000100010000111001110110011111000111101100010000111001011
0100000000011001011011010111000100011001000110010111111000100111
1011111111111000101111010111010101011011100001101100111011100110
0100000000001000111110000010111101100011011101001110000000000011
1100000000010101101010101101010111100110000000101000101100011110
0100000000011001100001111110111000101111000001001010111101011111
1100000000100001001100100000110101000111010100111001000110111001
0100000000011011110001000011000100010001101010010111100101000010
1100000000000101011000011001000100011011001000001101111111111111
0100000000010001111010010000001010000100101000111100111010111000
1100000000011111010001110011011111100111100001101010100110010001
0100000000010110011011001101111101001010111111000001011011100101
1100000000010011010110000001110011001001011110001111100100100110
0100000000011111111101001101010000111111100010111100011000100010
1100000000100001101100011011101011100110111001011010010111111000
0100000000000100001101101011110010010101100100011010011000100111
1100000000000110000101100011101010000101100110100010101001001001
0100000000010010000011011100000111001100101000000110001001010100
1100000000000110101000110001110000101101011011101101100010111111
0100000000010101110110000000111001010111110100100010001001000100
1100000000011101001100001011111011010010000111001111110110111001
0100000000100001000100111000101001000111010011011011011111111010
1100000000010011001010010000111111011100101100111111100010101010
0100000000001011011011011111101000111111101100010101010010100010
1100000000011001000111000011001100101000000001001000100011100011
0100000000011110100000101011101001100011001000001011101011001010
1100000000011101100101000110000101010011100001100011011110001100
0100000000010011001001110011111110111001000011010001010001110110
1100000000010110101010100011111011110110010101111010111000001011
0100000000100010001111100110111011011010011011001001101100110011
1100000000010111110111110000101101000010110110001111010101101111
0011111111111100010000001010111110111011111101111000101111001001
1100000000001100001010100010010110000001101101001100010010011101
0100000000011000000010001011100000101100100001011011101000110011
1100000000011110110101100110101011101111110100001001101101010011
0100000000100000000011000000110101010011000100001010101011011110
1100000000010001110000110110110011111011001011011101000010010101
0100000000010010000000111100011100001110010011101000100011110011
1100000000100000010101011101101001100111110101100011111110101101
0100000000011011100011111111100000101000110000011110001111011001
1100000000001100101010110010100110001111010011001010100001010101
0100000000010110000101001010100101100101000101000011101001000000
1100000000100010111100110011110100110000011011110100011010101100
0100000000010011100011101000001101110111100001001000000000001111
1011111111111001001000101000000000011101100110111111000010001000
0100000000001010001010110000111111010100010100000110000001000011
1100000000010100011000001100001001000101101010101111100111100111
0100000000100000110011100110110011010101011111101100001001111111
1100000000011101100101110001001010001111110100010101100010101110
0100000000000100111110100100010011000000001110101001111001111001
1100000000001111110000100001000000110100010011000000101110011000
0100000000011100011111111100010011000100000101111011011101100010
1100000000010011110000010111110101110011101100000110100001000101
0100000000010111011100110011100111011001101000110000110000111110
1100000000100010110000100000011110110001001101111010011011010100
0100000000011000101011100001000100111011100111111100011000001100
1011111111101100001100001101001101110011100010100100101110001101
0100000000000010011111010100010110001010100100110101111101110000
1100000000010000100001010011100100100111110001010000110100111100
0100000000010111001100101100000100011111000101000101101100001010
1100000000100001110111011000000010000010011101001001001110010000
0100000000011001000010010111011010001101111000001011010110101101
1100000000000000110100010111111100011101001100011111110011111001
0100000000010000000001010101000011110101101001111101000010110110
1100000000011100000000111001011010001000101001111000111010010011
0100000000011101111010110100101001001110011110101110110010000011
1100000000011000111000100011011000100111100010010010101001110010
0100000000010111001101010010011000010101100011100111001000011000
1100000000100000001011111010011100110010001111110100101010000101
0100000000100001000001111001011001010100010001111010100101100001
1100000000000110001010001101000100111000111000001001001011000000
0100000000001000110100111010000111110101000010001010011111011011
1100000000010101011010101110000110011110101100111100011011000011
0100000000001110000111111111100011101001110000001110101111101100
1100000000011010110011011111011110111010101001101011001101110010
0100000000100010001110101011000100100011101101101101101111011110
1100000000010101100000101010111011111000100011000011110111110110
0100000000000000011001110101110000011111010101111000011010011101
1100000000010000000100101011001100010001110000101101111100110001
0100000000011010001111011001111100111010101110100011101111001010
1100000000100001010010010110011011011011011111110010000110010110
0100000000010111110010011111000011101100101101101101000110011010
1100000000001000010101111010101100010100111011010111110000110011
0100000000010101110111010101111110111100000011001110111111000010
1100000000100001010111100000101011111000001011011100101001110001
0100000000011100000011111100111111010101011011101111011110000001
1100000000000011001010010110011100000011101010001000010110010011
0100000000010000010110100011110010111001110011110001011011100000
1100000000011101011101000010110010000101101001001011101010100001
0100000000010110011101110100100101100010111111011110101111001100
1100000000010101111110010101001101001101011111100110100100010111
0100000000100000100001011011011001101110010111010111011100010010
1100000000011111110011100101100011111011100011001011101000000011
0100000000000100101111110101111000110000001111101000010000010011
1100000000001101011111111110011101101111001101011000111110101111
0100000000011010110001100011001000101001000000000010100110010001
1100000000001110011101101111010000111001010011111000100111110110
0100000000010110101010010010101001110000111110101010111001111101
1100000000100010101111110000001110101011011111100110000000011110
0100000000010100001100111000110011010111100000000110101100100001
1011111111111001011111100010110110111011100000101111011100110001
0100000000001011101110100110000001100010100001010011011100110101
1100000000010101111110001010010111001000010111010000110110110110
0100000000100000100100111010111111010101010100111101110111111100
1100000000011100111111101000111110011101000111001010000011101000
0100000000000111011101000110001011001001111010011101100000010110
1100000000010010011000011101111000100101110010111110110100111100
0100000000100000100010011001110101101100001011001010011000100111
1100000000010011011101110011110000101001011100010000100110011001
0100000000001110101101110100111000001001010011100101101101000010
1100000000011011011110001101100000100010111111001110010101100010
0100000000011110101111011011111011110010111100111000010011100011
1100000000011000110110011100010000010100000101111011010110110011
0100000000010101011110000110100100110010010110101101001101000000
1100000000011111001011000110101101111110010101110010100101111011
0100000000100010000010101110011101100001001101111000110001010001
1100000000000110101101010100100110010000101001001100110101111010
0100000000000011110011000010101010011011101001001100111101100110
1100000000010001001111101110101101000010111011000110111101010011
0100000000001010010111001111000001001100010000011010110100101110
1100000000011000110001010111001000010011101000010111001000011010
0100000000011101101000011001111010110110100100101011111001100011
1100000000011110011000000001100010111010100001001100110101010010
0100000000010101010010101101111001101100110011110111100000000111
1100000000010101011100100010011000101101111000000110010100101111
0100000000100001011000111110111110100101100100101001111100101011
1100000000011111011011000011010000101000010110101100100111110001
0011111111111010001011010111110111001101100000111011011011110111
1100000000000111011110101111110111010100001001011110111100001110
0100000000010011011001111011100011111001100100011010101110111101
1100000000001001100101000011111011011111110100011000001100100101
0100000000010111101100110001010001001000110010101111001011100001
1100000000100000001100010001000001011010001011010001111010010000
0100000000011110000110010111000001100111101110000110111011101110
1100000000001101100000110001110001100001111110110101101101001001
0100000000010011110011101001001100001011010110101010101000100111
1100000000100001010101101111110000001011110001111110111011011011
0100000000010100100110101101000000011111101100011001011100011100
1100000000001000000111001000011110101110001111110110110000010101
0100000000010110110011011001001110000110101111111111100010000010
1100000000011111101000010000000001100000110010010111010111110010
0100000000011111101010101101001000101011100011011001011001010011
1100000000001110010110110010101001011111011110000101011110010101
0100000000010000111111001011110101110100100110000100000100000101
1100000000011111001000111110110010111001101100100011011100010101
0100000000010111101100011110100100000111001111011000111001111011
1100000000010010111011000100100011010101101011111101011111001001
0100000000011101010001010011111110100001001001010111000001111110
1100000000100010001111000001000110011100000001011000001011101101
0100000000001111101011000001001011011111100111011011111001001101
1100000000000100001101010000011001001111111110111110010110111000
0100000000010011011101000010111001010100011111111010011001010111
1100000000010101101011000101100101010001111100001010101101100110
0100000000100001001010000110101001000111110111010100100101010010
1100000000011101100110100001110011100100100101001010001110110011
0100000000000010000100010100001100011011000100001111100110000011
1100000000001101001100101101111100001110010111111111101110001100
0100000000011010000000010101000000011110101000001101100000101110
1100000000010011010010100000101011101000110001111001011100101111
0100000000011010001001100010010011000000110010110010101000101010
1100000000100010110001011011011010010011001110111100011000100011
0100000000010011101010111101101011001110100010010110011010011010
1011111111111001101011110111010001011001101000101111110010011001
0100000000001011010101101111010100110001000011110011001110110100
1100000000010101001101110001111000000011010111100010110100111011
0100000000100000110100010100100110000111011110110110101011110010
1100000000011110000000110001101110110001101000100010001110111101
0100000000000100111010010100001000111110111011101111110011110101
1100000000010000000010010011000101100000111010000111000110111100
0100000000011100111100000111011011001100010011100010010111101111
1100000000010010000100011111100011110101100010111110011111101100
0100000000010110001010100000111001110110100100011100001010001100
1100000000100010110000000111000000111011010001101000000101011111
0100000000010110101111100001101110110000011001111011110101100010
1011111111110001000011100101101101100000110111000111111111100111
0100000000000011001001011000000101010110111110111010101011001011
1100000000010000111011000010010010000110011100000000100111010100
0100000000011010001011001111111011101001001110001010011101111100
1100000000100001101100111100000111010011000011011011110101101011
0100000000010111010101010111110100011010001001000001001000011010
1100000000000101000010001011011111011010001000110100010011001111
0100000000010011101011010110010011000010111000001011111100000010
1100000000100000000001011000001000010100001100110010111100101110
0100000000011111100011111011010100100011100111000111001011000000
1100000000001010110011010000100110001011100110010001011111100111
0100000000010000110100011001101011101010010010010001000101011111
1100000000011110110100010101101000000001000101100100111110000001
0100000000010011111100101011101011011100010010011011100101011110
1100000000010011101001000111011111000110111000010100000111100111
0100000000100000011011100001110011001011101100111110111000111100
1100000000011110000110000100111101001111101001110100100111100101
0100000000000111011101001111000110110000100111101101111101011110
1100000000010000111011000000101100001011101010010100100100000010
0100000000011110010100011110001110100110000110010001011000100110
1100000000010011011111001100010111110001100011001010010011101101
0100000000010100001111011111101010010101001110010101101000011111
1100000000100001001100110101110011110010011011011010000101010001
0100000000011101001100011011111010110111101011010001011001110110
1100000000000000000011001000010011001101011000110111111000010101
0100000000001100111010001111111000100000001111011111000110100100
1100000000011010001000000000101111100010011001000001000010100101
0100000000010010111111001101011110111010111111111000100001100011
1100000000011010110010000100000111011011101010101000000010101101
0100000000100011101100101011111110001001100001010010100111011001
1100000000010001110011011101111111001111010001010010011000000001
0011111111110001100111111000000011100101111111010011001010110100
1100000000000011100101111001010110010101111000111010110000110000
0100000000001100100010101000001111111010100001010001011001110010
1100000000011001111001101110101101001011000100000100110110010110
0100000000011100010010000111001000011100000100001100111000011100
1100000000011100111101100001111111100111010011000101000000101111
0100000000011010000101000110100000101010010010000101010000010110
1100000000011001100001000101010111011100101011010001011000000100
0100000000011110111010000011100010100110011111011000011100111010
1100000000011110111001001001111110010000100001111010001100010010
0100000000010010100011101010100010010111111011010100110011100111
1100000000010100101111000111000001100011111100010011010101111101
0100000000100001111110101001001000100011010101011001000111011111
1100000000011001110100011101111011000000111001101100111000100100
0011111111111101011001111010011001010001111010100010001101010010
1100000000001110000000011100100111101000001110110001100011000100
0100000000011010010000010101100001000010000100000000011000110100
1100000000011010001011010011000010111001001101010010111111110011
0100000000011100111000100100111011000110100010111000111110001101
1100000000011101110001001000001010100110001011111000101011000001
0100000000010111011000110110011100111100111000111100001001101110
1100000000010111000000110101010110100111110100100101101110101011
0100000000100000101011000000100111001100011101100110000001111000
1100000000011111110000100000101111111111110110000011011101010011
0100000000000011010110001011000001101101010101111110111011111100
1100000000001100100000001010000011010001000011110010011011110101
0100000000011001001010000000011001011000110101111010100100010111
1100000000001110100001001001010101010010011010001010011110101111
0100000000010111111011011100101100100111010111111100101011110110
1100000000100010100110111110100000110100011010101111001101110000
0100000000010101100110011110101110111011111100110110100100011011
1011111111111001011001111110011000100010000001111010110001100010
0100000000001001111111110001011010110101101101011011010110101110
1100000000010101011000000011011111100111111111101100101111000101
0100000000011111111001101100101010101101111101000110010001111000
1100000000100000001011101011101001011000001111010100110011110101
0100000000001010000001100111100111011010110001011001011110001101
1100000000001110010010100100110010001111000100001001011001110111
0100000000011011110101101001001100101111101011011110010100000000
1100000000010100000101001011011010111001000000100010100011001000
0100000000011001010000111011101110111110110110000001011101001010
1100000000100011000111101010010111000011011010101010101110111111
0100000000010101001100101001100110000110101100011110000110000110
1011111111110010000101010110100001110111011110111011010101100101
0100000000000101100010000111101001011001100001011101001010100110
1100000000010010000101101010001000010011001010011010101001101110
0100000000011101001110000110011100011111010010001110000001100111
1100000000100001010010000000100011000000100000100100110100101101
0100000000010011000111010110001110111110111010101110000101000110
1100000000001010010111111011110111001101101100001111111111100101
0100000000011000010001011000011011111111001111101111011011100001
1100000000011101011110110011110111000011001010100011100001100010
0100000000011111011100000001100001101111110100111111001010011011
1100000000010101111100111010100011110010000001101011011101001100
0100000000010100010011100110011011110100011110111001001101100010
1100000000100000101110110111100100110010011000001011100011001110
0100000000100000011010111001000000110010110110110101011111010101
1011111111111110001000110110000110101000110011010101101101011111
0100000000000111101011001001100000001100110110111100010111001000
1100000000010011111110100100101010010000101111110101101010000000
0100000000000111000101100110110001110010011011011011110100111010
1100000000010110010000001011011001010011001000011001001001110000
0100000000011111110001111010010110001101011010000100011111111000
1100000000011111110110010010011100001100101101010111001000010101
0100000000001101111001111000110111000000110100010001101100111010
1100000000010001100000010100101100100111000110110111100111001000
0100000000011111011010000000101101110111011000110001000100110110
1100000000010100100110010111000110100001111000111101000110010110
0100000000010010111100011010000011101010000100100000011111110110
1100000000100000010110111001011110111111110011111110010111000111
0100000000100000001010100001111100111010111110000101101011100010
1100000000000111011000011010010000000011011011111011101000001110
0100000000001110010000011000001010011111101100000011111110110001
1100000000011011001000100011011111000111111101110001101001010010
0100000000010000100011100001000001101000100011110110011000011111
1100000000010111110001001001010011100001100000100110110011000110
0100000000100011100010111011101100100111000100111110011001110111
1100000000010010101111000110010110001100001110111111000010110101
0011111111110000011010110100000010101001111010111111111010010001
1100000000000010110101010000110000110010100010000101101010001101
0100000000001110000010110000011101001011111110100010001111011110
1100000000011010000001010100110010101111101011001001101000110101
0100000000011100010011011110011101001001010010110101000011111111
1100000000011100010011001100010100101010110111001100011001010000
0100000000011001111010001010010110011101101110110010010100111001
1100000000011010000111111000000000010110011000011100110000100011
0100000000011110110101111001100110001110001000100011100110100110
1100000000011101101110100100000010010100001010011110000000101000
0100000000010010110101101100010010011011110100011101100101001100
1100000000010110101010010000010011101011100110010011000011100100
0100000000100010100000101110010100111110001010010010101101010110
1100000000010110101111001010101110011010011111100100001010011100
0011111111111001100101010100100110101001101000000111010011010111
1100000000001010101001000011001001101010000110011110001100100110
0100000000010110111111110111001010100101001110011001111100001010
1100000000011111101101110000100111001111000111000010111000011101
0100000000011111010000010001101110011110000001111001001110100110
1100000000001110011111110000010011010110010100011110010000011011
0100000000010001110010000101101000100100001010101111001001000101
1100000000100000001100001111100101010000110100110100111101011111
0100000000010111010001111000100001100010011110101011000010111101
1100000000010000011000101100111010001001001010000000010010101110
0100000000011011111011110001000111111110110110100100111000001010
1100000000100011001010000100100111011000110000011111010010010000
0100000000010000111011000000010011101001000000000011001010100010
1011111111111000011101111001011111111011010111100111101111000100
0100000000001001011110111011101011111000100101000010111001000100
1100000000010001111111011100001011100011101001101111001001010110
0100000000011110111110101111100011010011111101110111000111010000
1100000000011010110100000111011000101010001100001110001001010111
0100000000010010011010110100111101011100000100111100000000011111
1100000000011010000001000011001101000111111001010110001001001011
0100000000100011011011110101011000010100110110101110110101110011
1100000000010010010010100100110001001000101001100011001010100001
0011111111110100010000110001000011101101010001001001011011111001
1100000000000100100101000111110100000001101010010111111011101010
0100000000001110011010000000101101101111111011101010100011101011
1100000000011010111111001111000011111101001101001100101001101100
0100000000011100101101000110100111100001010001111001101000100110
1100000000011011001001111001000101010001110001011011001111000101
0100000000011001101001001001101000010110011001100110011110110001
1100000000011100000101010110110001011101100111101011101010100110
0100000000011111000100010111011110011101010011011110000110000001
1100000000011001101000010010100101100011101110110110010100101010
0100000000010011111111111100100110111100010011111000010010001010
1100000000011100110000110000110110001010001001111110100100000101
0100000000100010110011110010001111011001111110110101110010010111
1100000000001100111100000101001111101000111001101000101111010111
0100000000000000011100111100100011011010010101100100101100110001
1100000000001101100011011000000011110110111010100100110000111010
0100000000001110100110100100000000101100100110101010110110110010
1100000000011011110101000110010100100011001000110000110101011001
0100000000011011111011100100001000000101000111001000001100110010
1100000000011001101000100110110110110110011101010110001001000001
0100000000011010011101101011011101001001001011101110011101010111
1100000000011110110100000100110010110110010100010001010111011110
0100000000011100001111011110101101111100011100000100101001110110
1100000000010011111001101001111101010101010011001011100001010001
0100000000011001011101000001010001010110101111010011001010100111
1100000000100011010011100010111101100011010011010001010001110101
0100000000010100110101110001001010010111001101111110100110110111
1011111111101000100010010100100011101111101010000111110011110000
0100000000000000001110011011100110001001001101011001010000110110
1100000000001010110011010100000110100000111111110011010100110100
0100000000010111000101001010010111000101100000110110100100010110
1100000000100000011010010100100000110000111101100011100111111000
0100000000011110011011110111100001100100001011000100001000010111
1100000000001001010001000111000000010101101100101110110110011001
0100000000010001100000001010000111011011110011001001000010110110
1100000000011111101111011010001000010101110010111101011001101001
0100000000010011010110011100001101111001110000100100101101011101
1100000000010001101111101010011011111001010000110010111011001110
0100000000011111110000001110010010101010101111000110011000011001
1100000000011111000101011010111001001101110111101000001011011011
0100000000001100011011110100101100000100100100100100111010101110
1100000000010001100100110010100011110111111001001101010100100110
0100000000011111010010001000110011001110010100000101010001111000
1100000000010100110111101100100110011011101110000111011110101001
0100000000010011010101010000001000000010000001110100101111011110
1100000000100000010000011010001111010100111000111100111100000101
0100000000011111110110000011111101011011101111111000110110100101
1100000000001001011011101101111101011010000111110010010110110100
0100000000010000100000000111101010011100101110110100010100011100
1100000000011101100011111000100010011110010000000110011101001101
0100000000010010000111000110011001111100010011111001111100011010
1100000000010101100001000110111111000101010101011000001110000111
0100000000100010011001010111101110100111010111010011100011010111
1100000000011000011100111001000001101001011100100100010000111100
0011111111111000100100000111101010100001011001100101101011101111
1100000000001011000010010011011111101011110010111100100011101100
0100000000010111111110010011110011011100110111010000100111110011
1100000000011100011110110011000101010011101011111111010010100111
0100000000011111100100100011001001010101101010010100001100110010
1100000000011000011000010010001011010110111100011111111100111000
0100000000010011011101111010110100111110100000000001000010101111
1100000000011110000110110000010001000101011101001011001011001010
0100000000100010101100111100100000100110110110011010111010110111
1100000000000110111001001010111110100000010001101011100111011111
0100000000000001010101001101111111111110111000110101001000000101
1100000000001101110000101111001100011000000001000001001110111001
0100000000000111100000111000110101111100000010111001100101101011
1100000000010110001101010001100001101011110000110101100110011011
0100000000011000011110011000101011010011000100110101110010100001
1100000000100000101100010100110000101000111111001101000111011010
0100000000011101000010001010100011010100000001011000010101111011
1100000000001000010101111110010110100011010100000100010101010100
0100000000010010101001001100111101001010011101100001010001000001
1100000000100000100000001011110100010000000011001010100011110110
0100000000010011110010100100011111001001111101001110100101100000
1100000000001110111100011000110100000010101000110111111011101000
0100000000011100011000101100100110110101110001001011111001110001
1100000000100000001001011110100100100101001110011010100101010001
0100000000010101101100110110111110111000100010100100000000100010
1100000000010001010001101011010110100010010011110110000011011101
0100000000011101010011001100010111101000100000011111101100101010
1100000000100001010111000110110010110110100111001100110110111000
0100000000010010000001110011000101011001100001100111111000000011
1100000000001011000000100101010010100000011000010010101001101101
0100000000011001101110110010100100010001111001000000100000011001
1100000000011011110011100101101111001100100011111001100001111111
0100000000011101000001111011000110011001001110110101011100000010
1100000000011010011100110001001011101000001011110100000011011111
0100000000011000110000111110110011011010110100000010100111010010
1100000000011110010010110011100100100100011110100010111111001010
0100000000100000100101001100110010110001110101010101101110101010
1100000000010010010111011000000011101101101110001000011000011010
0100000000010000001110000011110001011001001100001101011011001111
1100000000011101010101000101000110111000000000010001011000011001
0100000000011100100100110101101000001111000101001110011000010100
1100000000010110011000011001101100111001001001100101111001111000
0100000000011001100011011101001110000001011011101010110000111010
1100000000100010000111010001001010011011010000000001111100010010
0100000000011010001000001100000011010111110011010111001000001110
1011111111111010000110000011111111110111111110010001001101111111
0100000000001010111101001001101111110110011101110001101000101011
1100000000010111111001000101100001111101011111001110010000010101
0100000000011001011111101111101110010100000010010101110100001011
1100000000100000011111000011110111010011110100010001101011111000
0100000000011101001001000000111011001100100101011001110001011010
1100000000001001001101011110001110010011100001100010011010100100
0100000000010010010000111110000110010011101010101011111011011001
1100000000100000100001101111100011101011001110111101100010011110
0100000000010101010001100000110110010001010101111010110100111001
1100000000001110111011001101100111110011011111101101001101000000
0100000000011011100101101110110001111010001100110111111011100001
1100000000100001010100011100000110010000110010001010101010110101
0100000000010101110001011011100101101011010100011111100110011100
1100000000000111111001011111111101111001110000000101000101110011
0100000000010110101111001110111101111101110110100100001001000101
1100000000100000110000101100000010000101011011100010001000111101
0100000000011101100100001011001111011110100101110101111001001010
1100000000001000000001001010010101011111111101111001111100010100
0100000000010001101100011111100010101010111101110101001000001110
1100000000011111011000111001010101000000111111101110000000111010
0100000000010100101111101100100100011011111110111000011100100000
1100000000010011011000000010001011111111101101111100011101100011
0100000000100000001100110101001000111111010111001101011000100001
1100000000011110100010011000010111010010100010010010001101000111
0100000000001000110001100100010111110110000110001010000101100001
1100000000010001100010110111100010001101111000000001110010011101
0100000000011111111111011001100001000110000011011000101011011010
1100000000010001100011000110111101101110111101100001000011111110
0100000000010001011000111110000110101000001110100011110010111111
1100000000011111111011100100101011111111011001110010000110100001
0100000000011010101100110010011101000111110100011101011111011000
1100000000010001010000010110100100110011010001100100100000011110
0100000000011010000000000000001000010110011000011111010111110010
1100000000100011111111001011110101000010011110010110100101001010
0100000000010000110000011111110111001110001000100101101000010001
1011111111101010110000011111111010111011011001111100111000111001
0011111111111100000010100011110011110110111011101110100101111100
1100000000000011101001011011101001000010101110100101010111010010
0100000000010010001000000111000110000001010110110011011011101000
1100000000010110101101011011100010010110001010011110111001010000
0100000000100001101101111101010000010011011100000101011111111011
1100000000011010101011111101010110110000110000011100000011110010
0100000000000000100101001010100010100001110100111110011000101111
1100000000001110010000100110100110111111000100111100010111100110
0100000000011010101001011000000000100011110000011011011001000111
1100000000011001010010110010010111001011000100001111101100101100
0100000000011100000011000111010110111001110111011101011101000000
1100000000100000001010101010010000011101000011011000011010010101
0100000000011000111101110011010111000111111010111011010111010010
1100000000010000111100110111000010101111010011111100110110000110
0100000000011010010011011111010000000010001010010000011111111101
1100000000100010110011011101100001011010000100011000111001001111
0100000000010010101011010100101011100011011001110110100101010001
1011111111111100101101001100110110111010001101010011001111110000
0100000000001100001110111010011111001110010000101000001100000111
1100000000010100000001110001110110100111100011110110000010110101
0100000000100000101001111001010100111101000001011111101010100111
1100000000011101111111000010001010000010011100110001010001011010
0100000000000110011100110101110101000101111101000000110011010010
1100000000010000011110001110100101110000010000111011001011010111
0100000000011101001100101010100011011000110011110111011011001100
1100000000010011011010010111100011010111111110001011011010110001
0100000000010110011011100011000001100001011100010101000010011001
1100000000100010011010100000010010011100100110110011100111111010
0100000000011001011111011000001101110011100110001100000111100011
1011111111110010000010101001010010010000010011011000000110100111
0100000000000011111100110011010101001111110011011100000001100010
1100000000010001001111101111110000101110010010101010100010011010
0100000000010110110101111001010111010110111110010000011001000111
1100000000100010001000010111011101000110100100111001000000000001
0100000000011010010111111001000100000101100100001000101010101101
1011111111110110000100011111110101001000101011001110100001010011
0100000000000111101001100000101001001010010100000011001000101010
1100000000010101010111000111100011010111000001010001101111001101
0100000000011000000000110111101101001100000011101101110001010011
1100000000100001010101100010101110101001100000011010100111101110
0100000000011101010000111001001111111101000111010100111110100101
1100000000000000010100100110000010001001010010100101000101101001
0100000000001101010001111001001000100000111000001101011010101001
1100000000011010100010110111111000101111000001110110101011011010
0100000000010011011011101110000001010011111010100100101010010110
1100000000011001110111101000000100001011110000010000001100011001
0100000000100011000101011100000100101100110000010100001111000001
1100000000010101010100110101000110100010010010110111101101010100
0011111111110011110001000010101100010101000011101001000100011010
1100000000000101111001111100111000000000011101101001111110010110
0100000000010001110111100011100000111001010101110001101111100100
1100000000011100011111001000100100000011101001001111110110010010
0100000000100000111001100101001111000000101111000000100110000010
1100000000010100010101000111100010001100101000011101001001101101
0100000000001100100111101001100101000100010001001111001010111100
1100000000011010001100111000110101011010000001011011111100000001
0100000000100000100110110010100000110111001010001010110010000101
1100000000011010101101111100100001010111001110111101010100110000
0100000000001110001101100011001001111011111100100110100000100000
1100000000011000000100111010111000100011000001101010000000101011
0100000000100011001011011010010101001010011100011000000101111101
1100000000010001011111000011101101010011010100010000100011010111
0011111111110110110000100110010100011010101001001011110100010010
1100000000000111011000110011111010011110000001010100011110011100
0100000000010001000111111000111010000001111100010010101010101111
1100000000011110001101111100011001100010001010011111000110110110
0100000000011011001000000010000110100010111001011010001111101101
1100000000010011110010001101001011000010100101011111100010000110
0100000000011001110110111000010001100010000000110001110100111001
1100000000100010111001101000001011110100101000110100100110001111
0100000000010101001010111111110000001000111010100010100001101011
1011111111110101011100011010100100010000010001110011110011111011
0100000000001000000010010111111101001101010010010000001001000100
1100000000010011110111000100010111111001010010111011000000111011
0100000000011110101101100111101001000000000001111100011011010111
1100000000100000100111110000000110010100011011110110010011000001
0100000000010000100100111010101111110001010100101100101000111100
1100000000001111110100101010011100101000010100000001001101001011
0100000000011101101001100011100111111111101000011110110100111111
1100000000011001001011110001100010101111000011011100000011010001
0100000000010110100010111100100100010000100111100001110001110000
1100000000011110111011101100001110100101111001011011101001011010
0100000000100001000000100001001101010101001100101011001000100110
1100000000001011110001111010111001110101111101101000101110000110
0100000000001100000110001110010011010000001100110101100011001110
1100000000011001001011001100101100111101111101111101001110111101
0100000000010010010010101111010000001110011011000001111011001101
1100000000011010010110010000010001100110010001011110111000100001
0100000000100011001001110110001001000110011110111111100100101001
1100000000010011001111010001110100011011011011010010010100101100
0011111111110101111111101011000111010101000000011011111100011101
1100000000001000001000110110000001100000010100001010011000100011
0100000000010010111011101000111001100100101100100001110111100001
1100000000011111101010111101111001111001110101010111010101110101
0100000000011110010001011101010001101001111101111011100011110101
1100000000001110110111011110000110001111110000010100111111011010
0100000000010011110111100001111010101110010000001000110010100011
1100000000100001101110100001001110100110111110100101001100011001
0100000000010101000110010101111111110111011101000111001111100001
1100000000000110010011100100110011101011001011001000111101011101
0100000000010101010010100010000011001111110100101100100010010110
1100000000011110110010001010100011101100000011010110111001101101
0100000000100000011110011000101011101100000011110100101010010010
1100000000001110011010111110001011000001001111101001111001100100
0100000000001111100000010000010101110111001111001011110001110011
1100000000011100101010110111101000110110100110111110010110111110
0100000000010101100110010000111101101011011001111011110100011010
1100000000010111110111011001010001001100011001001000100001100101
0100000000100001110110110100010000011111100011111110101010011001
1100000000011011011001101000101001111100010010100110010010010111
0011111111111101111011000011101001011011000000001010101000000110
1100000000001101011101010011011111101100111010011010101110010010
0100000000011010001101000010100100101111110010111011001001111001
1100000000010111000110000100001010011100101010110000110010000111
0100000000011100100010000001011100110000011101101000111100010110
1100000000100001101001010110011010011000000110111010011001011110
0100000000010100011010110010111001000111101001001110010011001011
1100000000001000000100011010111000010000001100000011100110000001
0100000000010110011110011111001000001100101110000011001011111110
1100000000011101111011101001101100001111010101110101100110100000
0100000000100000000100101110101110111100110101010001111110000101
1100000000010011010101101110011001111100101010111001000100101011
0100000000010010110010001001011011000000110100001110010111101011
1100000000100000011110111011110011000010101111000101001011011100
0100000000011101010011100010111000111011101010110011010000001011
1100000000001000101101100100001001100010110000101010111100010110
0100000000010001110101100111000110111011110110101001100111111111
1100000000100000001000110011011001110101011000010101011000100001
0100000000010101100001011000100111100101110100010010111010000010
1100000000010000101100001100110010110101100010000010110010001110
0100000000011100011101111111100000000011111001010010011010011111
1100000000100001011100010101000000100011111010100000110011010010
0100000000010011111101011010000101010010110111100010011100111100
1100000000001001001000100101011101101010111011001101101011111010
0100000000010111010001000001000110011100000101110001001100101001
1100000000011110101100100110001101100100010001110110001101000001
0100000000100000010101100001010000000011000111001111111000101010
1100000000010000110100010010001000010010110011111101111001001000
0100000000010000110110100100110010010001001010001010111011001010
1100000000011110010000011001000001111011111001110001100010000110
0100000000011000001110000000100000101100100101110010100100100001
1100000000010101001010001100001011101101111100011111001010001010
0100000000011111011100001010010101010111010010010101100001110001
1100000000100001101011101000100101110011000010111011111010101010
0100000000000110011000011101100011101011000011110111010100110010
1100000000000101111010101000000111101001000101000001100111110101
0100000000010011000100000111011001110011001000011110011101010101
1100000000001011010110111101101101001111000100010111000001100110
0100000000011001000000010111111010111100101110111001111000101010
1100000000011111111011110000000011011111111110111100100000001100
0100000000011100000000011110001001111001100001101101010111001011
1100000000010000101111100010000010101001010110001110110011101110
0100000000010111001000101100100011110001101111100011100111000011
1100000000100010110011011011110101000111000000010011001110010111
0100000000010110000110010010001100101000001110001100010100100100
1011111111110100010010111011001110010101000100101011110010011101
0100000000000101101110010011101010011111010011010001100000000011
1100000000010010010000100001110100101011001110111001001100000010
0100000000011100000010111001000011000011011011111001010100111111
1100000000100001100110100100110000010001111111100000111101110100
0100000000010100100100001100100000011000001101001101001111111010
1100000000000111111110010101100100111010010100010110110000000111
0100000000010110011110011111010110010110000101000101011111100000
1100000000011110001111000110011010000100010111011001001000110111
0100000000100000000000001000010110101000001000110000100100110111
1100000000010010010100000011100111110000100010101011001010001001
0100000000010010010111010101001101001100100110100001001011011011
1100000000100000000100100000101101110000110101101000101111111000
0100000000011011011110101010000100001111111111001111001101011010
1100000000010000100110100110101111010101111110011000011100111011
0100000000011000001011001010011100101100000101101000001110101000
1100000000100011000110110000110101011000111110101111000001011101
0100000000010011000001011101110101011001101111111010111101000111
1011111111110101100011101111100111101011000111110100001001111111
0100000000000110000010101010010011101111001011101111100100010011
1100000000010000101110111001011110111000011001110110100101111101
0100000000011101001111000111101110110000100101011101111101001100
1100000000011110111111101001111100101000101011101101011010000110
0100000000010100010000110111110001010011100001110111110111000001
1100000000010100001101000000000110000001001110101001000110000110
0100000000100000101101100101010000110111111001111110111010001110
1100000000011110000100110010001111101101101010100100110010100101
0100000000000101101111000110110001111000110010111000110001101110
1100000000010000010111101111001000011100110011111011001110011101
0100000000011101001001011101011111101111101011110000101111110010
1100000000010010001101100110110100011110001010101000000111110010
0100000000010110000101101011101111010101111101110110110110111110
1100000000100010101011000110111101001110010100001001001111010111
0100000000010111001011000000011111011000010101110011110000101110
1011111111110010101101101101110010100001000101100111010111101011
0100000000000101001110110100110110101000101011101000010111010110
1100000000010010000110000111001111011011010010011010100010110101
0100000000011010011010101101110110100100000011011001111101001111
1100000000100001111100010101000010110011100000101010010001101110
0100000000010110101110010110000011110110011110011010111000010000
1100000000000010000110110001000100111001010001111000100000010011
0100000000010010001111110101100110101100011101001101011111010000
1100000000011110001011001011111100001011011000100001000110100001
0100000000100000000111001110100101110100111110011111000000101100
1100000000010001111000110011010110001111101100100100010100100100
0100000000010010000000100010011001011010011100010010110110110010
1100000000100000001110110001000001100010010001101101011110110001
0100000000011011011111001011100011010000111100101011001010000110
1100000000001110011000010101110110001001110011100011011110101000
0100000000010110111011110110110001000001010110101000000011100010
1100000000100010110111111010110111001101011100001100000011100000
0100000000010011100000101000001100010100001101110001100010100001
1011111111111011011101010110001110111101000011011110110011101100
0100000000001100011111011010001101000110010011111110101100000011
1100000000010101000010100111010111011101100111111111000001011010
0100000000100000100010000000010100101110111001010101100110000111
1100000000011101101001010001110011110010010010111101111001111110
0100000000000111111000110001111000010000110110011110101011011100
1100000000010001001111000010100000100010111011001010011101010011
0100000000011111001110110000110101111000111001000000010010000111
1100000000010100010110010001001100100101011001011001010111100101
0100000000010011010000101000001101010000111001010001101011110111
1100000000100000101101000110110111010001011001011011100000110001
0100000000011111010001110000111101100101111010000011111111110101
1100000000000011101100000101101101111010101100101011111110101100
0100000000001100110000010011111000100111001110001000001001111001
1100000000011001011011001011100010100101000010001000000001110010
0100000000010000111111100011111001000001111111110000010001001101
1100000000011001110101001001110011011010111101111101010110001100
0100000000100011010011000101011110101000110011101101011111110010
1100000000010010011101111010001110011101100000110101100011110100
0011111111110101111101110001111001000001110110110110100111000100
1100000000000110000111101011010001101000111111100100111010000001
0100000000010000111110110111000111100001000110010111111000010011
1100000000011101011110000100101101001010010111000101001101101010
0100000000011100000010110101011111110000111110000100001011101000
1100000000010101111100010101111101011100111011100011011110101110
0100000000011010111000000011110100000101010000110100000100011100
1100000000100010010001111101111101100010110101000100011111100000
0100000000010100100011000110010111011111001111001101110100110000
1100000000000001100110111001011010001001110110101001111101101110
0100000000010001011000011111000110111000001011010010001100110010
1100000000011001111100101001001010100001110110100010100001101101
0100000000100001110011101101011010110000010011001111100110001101
1100000000010111110000111100001010000001001010001010010001001001
0100000000000001010111101001100010001001100000100001010010011000
1100000000010001000100101010010111101110100110110100011110111110
0100000000011101010010100101100110110111100110010100010100011111
1100000000011111010110001100001110101100000011101101110011111000
0100000000010100101101100001110111011110010110000010000010010000
1100000000010011111101010110010101100111001101110001100001101010
0100000000100000100011101011111111111011110111011001111001111001
1100000000011110110100000010000100101000011011011011111010010011
0100000000000110010100010000111010010111101101101011111011100100
1100000000001111010110011111110101101101111110111111011110100000
0100000000011011111010101111110000101100000100101011000111000011
1100000000010010001101000000011101110100111001000101010101100111
0100000000010111100111010100101010100011001111001000110000100100
1100000000100011001000100101101010010110000011100110000111000010
0100000000010110011010111111100100101010101101000011001110000010
1011111111110000010001100111000101100010110101100000010111010010
0100000000000010101001101100101011010111010111101011101000011111
1100000000010000100111100011111010110011011010111011000111100010
0100000000011010000001101100101110111011000110101000100100110001
1100000000100001011001001011001101110100001000101001001000100000
0100000000011001111100011000111000111111001110110011111101100001
1100000000000101100100100000100000101110010001101010000101111111
0100000000010011010101100000111110111100101110010000011111111010
1100000000100000011000001010010001110011110001111010000101111100
0100000000011000000101111111111011101010100110111010101001101110
1100000000001110101110100001110011000000100111111110110110111110
0100000000011010001100111110011111000100110001000100101111100100
1100000000100010111111110101011000111100101101100111101110100111
0100000000010010100001101111010010100000010000101101111100011100
1011111111111001110010010111101000100110001110111011011001000001
0100000000001001100000000110101000110001011101011110111110011111
1100000000010010111010111011001011000000111110110110100110001011
0100000000011111110010000110010100101101111101111100000110011100
1100000000011100101000000101111000010101110110111100100000100110
0100000000010001001000000001101110101011001100011111110101001110
1100000000010110111000101011001101011111010111001100000000111000
0100000000100011000010100010001011011111001111111100011111001101
1100000000010101111100010011100110100101000101001011110111010101
0011111111110001110101000100010010110101010000011010010011101101
1100000000000100110111000110100000010000000101110001000100000100
0100000000010010000100101010001111111111001110101000100100111101
1100000000011100101110100100101011100000000000001000010001001111
0100000000100001011000011000010011111011000101110110000111010101
1100000000010011000010001110001111110100110110111100100010111101
0100000000001001111000100110110001000011100101010111011001110111
1100000000010111111101001110001111110110100110101101110011001100
0100000000011100101011100111111001000011010010100010111101101110
1100000000011110111110110001100101001001010101000101100100000100
0100000000010110110001100010110101011011000001011101000101101100
1100000000010100000111010100100000111100101000001101110101010010
0100000000011111100011000110010001111110001001101001100100011011
1100000000100001010000011101101010110111100101100000010100100110
0100000000000110101010111111001110001101000001100111110110000011
1100000000001001000011000011101000110011101001101101001010111010
0100000000010110011001010111001000010100010101000000000011000000
1100000000001100110101010011110010001100101001110000001100100000
0100000000011001000100100101010110111110110101101100101101101111
1100000000100001111001111111001111111101110011111111010101011001
0100000000010111011100110101100100001000001011111001110110011110
1100000000000010110101000110110101110010110011111000011101001011
0100000000010010001001100001100110111001110100011001111101001000
1100000000011101101101000001000001111111010001101001000100011000
0100000000011110111110111111011111001100100110110100000101011100
1100000000010100001010000101010111011100011110011110111011110111
0100000000010100011001001010100110111010110001101110101010010100
1100000000100000110111100001000101000001101001011110101011101101
0100000000011101011010011000010001110001111101110100101010111011
1100000000000101000110111000000011011010111011111100010101100010
0100000000010000111100110001111101110010000011001101100111000001
1100000000011110000100010011101001010100101111110101100000101111
0100000000010011100001011000011100011011100001111011001110100111
1100000000010101100100110110111010001011110011100101110000101110
0100000000100001101101010110101010001010010011010101100001000001
1100000000011010100110010110101011011100101011101011111111111101
0100000000000000101010000001100101111010110111111010000000101100
1100000000001110100110001101100000100110010100101111011011111000
0100000000011010111110111111100101001011101101010110110001111111
1100000000011001001001000101100001001100000011000101000111110000
0100000000011010111000110101100001011100010000001001010010111110
1100000000100000000110010111001110100001100111100100011110000111
0100000000011011101010011011000111100001100011001001010110100010
1100000000010001000001101111001000000000100101010010000010111110
0100000000010111110111000110011010110100111111110110110011100001
1100000000100011001111110101001101101100000101001000110000010001
0100000000010101011100101011011100001110101011011010000001011001
1011111111101011101011101110010101101011111011011100101001011010
0100000000000001111000101011110100110011100001111000101110100100
1100000000001110001001011100011100111110001111000111000100101111
0100000000011000011011001010001000100000010010011011010001101100
1100000000100001000110101011101010001111110011101010010001101101
0100000000011011110100110010111111010100011100110011100010100001
1100000000000011111110101110010100100011001011010001001101011101
0100000000010000111100111110011111001100101110100010111001111110
1100000000011110100011011101100100111111000000110111001110010110
0100000000010110110000100101010110100100110110000010101001001000
1100000000010100110000101110110111101000111000010000010011000011
0100000000100000001010010100001011110101000110011001100101010100
1100000000100001000000111101000100101011110111010101000100001110
0100000000000101010111101011001110110001001100001001110000100110
1100000000001000111011011010000010100110100010000001110111101101
0100000000010101111100010001010000101011001101000000111101111001
1100000000001100110111000010110000010111011100001000011110110110
0100000000011000111110100001111010010010101100010001011100010000
1100000000100001011101011000001000100100001001000101110110000110
0100000000011001000011111110111001010000000000010000011101110111
1100000000000100110110101010100000000010000110000011010001101001
0100000000010011011110111001001010101111001101101101011011100111
1100000000100000101011101011110011111101001111000101101111000111
0100000000011001101100001111101101110011000011010001100001100001
1100000000001011011000101100110100001011111100111111000010110111
0100000000010110100101010010001100101101110010100110001001111101
1100000000100010000110010110111111111001001011010100111011100000
0100000000010110111100011011010111011111010000011101100001100110
1011111111111101101110111110001000100001001100010010000011010010
0100000000001111010011000101000111100010110101100010000110010011
1100000000011010111000000001010101000001101110010000110101100111
0100000000011111110100111110111011000100110000010000001100110111
1100000000011000101111000011111111101010101101001000011000011001
0100000000010001101010000100100010101111010111100101110100011011
1100000000011011011010110100011101100100101100110001010010101011
0100000000100011001101110010011100101110010010011011001010110111
1100000000010000101111011100110000100000001001100001001010000101
0011111111110111000001000001010000000111011111010000010010100001
1100000000000111011101111000001000011010000111111101100111011011
0100000000010000011110100000100011101100100010010011011000001111
1100000000011101000110101111100100101101011111010111110011011110
0100000000011010010110111011001111101111110010001101101000011010
1100000000010111000001111101001101000110100011110011110010111110
0100000000011101000010101010010010101100000111100111100010000100
1100000000100001100011011000101001000000101000110110101110110011
0100000000010011111010100110111100101010101010010010001110011111
1100000000001001011010101101001001000010011101001111100011101001
0100000000010111011111111100001011000100001010110101000110001000
1100000000011110010110110111100000010111100010111111000010001000
0100000000100000010100101011111110100111100011101110111011101111
1100000000010001111111100011101001011111011001101001101000010111
0100000000010001010010110010110001111101100111101111100001001111
1100000000011111000010000110010111100001011111110100010110100110
0100000000011010110001110000111001010110011110011000110100101001
1100000000010010101110101101010110101011011010011001000001001111
0100000000011010001101100011110101101001000101100000110101001101
1100000000100011100000010111100111000100100011001100001110010100
0100000000010010110111111100101101011100111011010101010000011111
1011111111110000111111110101010001100111111110110011110000100000
0100000000000010100000000000100000100010011101100001111001001001
1100000000001101111010100101100101101011110110010110101001011110
0100000000011010101000001100001100000011000011111110110001001110
1100000000011100111100100101001010101111001111100101011010101100
0100000000011010101110101111111000111010000010010110111100111010
1100000000011000010010000100101001100000111101100110100000100101
0100000000011101011010110010011110110010011101111101000011000001
1100000000100001000101010110101101010100010011000011111110011010
0100000000010100000000101111011110101111111110000001100110010000
1100000000001100100000010000110111001111110110000001100100111011
0100000000011010010101111111010101000111001101100100001010101010
1100000000100000001100010000011001101011100010100001110111100110
0100000000011011000000111010010111001110101111111101100011011010
1100000000010000010001001000000011111010110110110111000100101111
0100000000011000011000010010111010010011010110000101111111100100
1100000000100011011010110010011110101110111000000110101111001000
0100000000010001110011110101011111100010101110110001100110001101
1011111111110011000111110001101001000010101001111101110010001101
0100000000000101000110110010010110110100000110010010011010100110
1100000000001111011011100001101011101000111110000111000001100000
0100000000011011011010100000110100110001111011100110101111111010
1100000000011100010001010100010010001001100010110010010000101001
0100000000011010010011101110101101010101001111001110001000000110
1100000000011001111100000011100101001000100000010011100111111101
0100000000011110011011000111010100010001010110110101111000011111
1100000000011110101011100000111101100011000010101111001000010010
0100000000010011100001110010101100101001110110100100100010100011
1100000000010100011011110010101111010110011000001110100110100000
0100000000100001000000100011010100011100100000110011111010001000
1100000000011100110111010101000100110101001110101010011000111110
0100000000000011111101101001001001101001111100000000110101111110
1100000000010000110101001001010010000010001010010011101101101000
0100000000011110011001101011000010001110110110100111001010111011
1100000000010011110001101001110010100001100011100111000101101010
0100000000010100010100000111011000100001111111000011110111001111
1100000000100000111000001011100110010101101111100111010000100100
0100000000011101000011011110111001100011011011011111110101011100
1100000000000101010110111011010001110110111001100000011100000111
0100000000010001100001001111111011111011101101000001001011011111
1100000000011111001001010100100001101101000000010000001010001001
0100000000010011001110001001001010011001111110100000110011110111
1100000000010011011111101011001010001001000010010010110111001101
0100000000100001000101100011000000000011101000101110010101100100
1100000000011100000111100010101110100010010010011111011110111100
0100000000000011000010100101100010000001010100111100100011010010
1100000000001111110111100100110011011001001110011000111101010001
0100000000011100111101010010110111110001010110011110110110010101
1100000000010110100111000010000000110001000100110011111000011001
0100000000010110110111010001101000010100101001001111101000111101
1100000000100000110111010010110110110111000101100110110011101110
0100000000011111110010101011010111010110110110101101110010100011
1100000000000011100101001111010001100110100111001010011010101110
0100000000001100101000010111011101100011101000111000100111110110
1100000000011001001101101101010010110011110000101100001010000000
0100000000001111110010000001110100001000100010110001110111111010
1100000000011000110001010011110101101101010100000101010010111011
0100000000100011010110000100010011011001111010110111011011111110
1100000000010100010101010111101000111011011010110001011100101011
0011111111110000111001010000101010001110100000110000011111011011
1100000000000100010101000000100100101010100000000000100100111110
0100000000010001000100011000011111100100111111001001011011010010
1100000000011100110111110110111000010101101010110110101100000110
0100000000100000011110101110001010101101001010100110101011000001
1100000000010101000101110000111100001110111100101110111101110111
0100000000010000011010011101011101111010010100000101001001101001
1100000000011100100110000010100011000100001101110100000000111010
0100000000100001001101011101000110010010001010100001000000111011
1100000000010100001000101000101001100111011011011101101111100110
0100000000001011000011110110111000110101000011010111111011100011
1100000000011001010100110101010100010100110110111110110111011001
0100000000011111111111010110101001111101001010110111100101100111
1100000000011011101100001101111011001001000000110011001010010111
0100000000010000111100011010101100001100001100010101101110000010
1100000000010111110010101000100101000101111101101000001101110010
0100000000100011001111000001001000010010101000111001110101010111
1100000000010100110001010000011000000000010010001110000110010100
0011111111110000001001000010011001101010110110011110011110110011
1100000000000010010010110001010010110100101111100111001000001111
0100000000001111100101010100010011011010101010010000001000101011
1100000000011010110001010110100100110001110000001000101010110000
0100000000100000001010101111000111100110111100010111000011111110
1100000000011000011111110001000100111001101001100111100011101111
0100000000010000101010001011100011000110110010110001101000100100
1100000000011011000001001011111011100101111010010011010000011010
0100000000100010111111111101110100111111111111111000011011101101
1100000000010001100000011010000010010001001011010101010110011000
0011111111111001110101010001010010110101000100100011100110100010
1100000000001001110000001100001110011111000000010100011100011111
0100000000010001110000100000000100101100001111010010000000100010
1100000000011111001011101011001100110001001110011000011111000111
0100000000011101101100001111110100011101110110011010011011001110
1100000000010001010001110111010100011011011010100101000101110001
0100000000010110000110011000111110010010111110111101111101001111
1100000000100010100010111001100111011100001101110101011111100111
0100000000010100110000010001011010111001100101100001100011011110
1011111111111011001001110000011100100011110000000101011111110101
0100000000001100100001010000010110010110001010000100000000100010
1100000000010110011000000010011100110010110010100000110101100001
0100000000100000011010100000110001001111001001110011111010111101
1100000000011110100001111100110011111111110000100111100000100100
0100000000001001000100010100101101100100001110011001001111110101
1100000000010001101100000011110010010011010111000100111011110110
0100000000100000001010110001110001011100010111100001000111010110
1100000000010001110001110000010100010101000001010010001100001110
0100000000010000111000101000001100011011110100000001110000101011
1100000000011110110110010000110111100011001011101100000010010001
0100000000011010100101111000011110110010010001001111001101111101
1100000000010011010000000110110101100111010011101111000001101101
0100000000011011001001001010100110000100101011001110010101000101
1100000000100011001011011111011010001010011100011001110111010111
0100000000010001111000011010010001000010010100111011111111000100
1011111111110110010000110111110111110011000100011111000000110011
0100000000000111000111000010000111010000010110011100111101010010
1100000000010000110100001010001011000111100010010110100000100101
0100000000011101101110100100101100011000110111100011011101010100
1100000000011101100001000010110010000110010110010000111100001100
0100000000010011110110110101010000011001011100010101000001010100
1100000000010110011110101111111110000100111000010001110010011101
0100000000100001111110000100011000111010010001010010010001101000
1100000000011010010010111001011100100101000000111100101101110111
0011111111111100010011000010001011010100001000010101011101101000
1100000000001100000001011011010001011011100000011110100011111010
0100000000011001000111011110100011110110000111010100001010101000
1100000000011001101000011010101010000011100010101010011001010100
0100000000011110001110100001100011000000010110110001011000100010
1100000000011111001000011001011011000010110111000001111001110100
0100000000010011111111101101111110010001100011111100010110101111
1100000000010100011010011111101001010100001010001110011001000000
0100000000100001000001010000010110010110100110011000101001111110
1100000000011100101110000110001001110001010111111111101011110010
0100000000000100000111000111001000011101111001111001101010100100
1100000000010000110010000001101000001000110010110011111001001101
0100000000011110001100001000001110110100000000000000111111001000
1100000000010100011110110011010011100101101111011000010110000011
0100000000010100111000011001001100010000111001010110010011010101
1100000000100001001110000101010001100101011001110010100100010000
0100000000011110011011001111111011110101110101000001101110111100
1011111111111100100101101110100100001111100101110011111011000000
0100000000001001000011011001100011100111000011111100100001000001
1100000000010101010110011001000011111100010011001110110011001110
0100000000001111110101101001100011000010001001101100000000100001
1100000000011011101000011110111000010110001011011000011010001000
0100000000100001101110001100111110110100110101000111100110011101
1100000000010011110111110100100101010100010000011001011010100001
0100000000000111110100000100011001011001111001011110100110000111
1100000000010110111110010011011111101000110110100011100110010111
0100000000011110011101011001101000111101010111000101101010110110
1100000000100000010110110010010010000000100000100011010100011000
0100000000010001111011001001001010100011101001000110101000000110
1100000000010000111000001001010001011101101010111001101100011110
0100000000011110000010111111100110110100010101011111011000011100
1100000000011011001100011001001100001101101110000011110110011010
0100000000010100000101010110101011000010010011111000010011000111
1100000000011010110101110001001001001100011011001000100110011001
0100000000100011010101100111000110010000101111011010110001011000
1100000000010010100110000100001011000010111111100110000000110011
0011111111110101100010111111001101001110101010010111010110111100
1100000000000110000111100100000001101110010001111101110101011110
0100000000010000111100100100000111000000001010001010010101001100
1100000000011101010001100111101001111100101001111110111110110100
0100000000011100100001110011010101101011101110111111110011010111
1100000000010101110010111101110111101110011100110101111110010101
0100000000011001011100010100110111101110111000000000111011111010
1100000000100010000010000011101110101000010001001110110001010000
0100000000011000011100100001011111101110100010101010001101101110
1011111111111111101110000000010000101000100011010010011010001101
0100000000001110100010010101010111001010000101000001100110100111
1100000000011001111110000110100100111001100000000000100001111110
0100000000011101000110001001100111110001101000011101011001111010
1100000000011100100010010011000100111101111011110011001101010110
0100000000011000100000110110000011101110010110100101001011011000
1100000000011001111100011110000000111011001010000000000011111100
0100000000100000001100011101101101101101010100010010101010011001
1100000000011100010100111011000110101110101100101101000101010001
0100000000010000011110100000000110100100001001000001000100111111
1100000000010111010101011111010101010001100101010111011010100100
0100000000100011010010111111111011011111110010111011010000010101
1100000000010011110010010100110110010101101110011101000001101101
0011111111110011110101110010000100100111101101111101010001010010
1100000000000100110111010000000000001111101010111010001010011011
0100000000010000001011101010001100011100000000111010111110110000
1100000000011011111101011110111111110000111111111100100010000100
0100000000100000001101001000100111100001111000000110011100111000
1100000000010110111101011010010100010110000010100011011100110110
0100000000010000101011001001111111111110110100111010110100110011
1100000000011100011110100000101110111100010101111101111000110110
0100000000100010101110010111011110110100001110010101010010001000
1100000000001111000010111100010101000001111110110000100000011011
0100000000000000101110000101000000101111011100001000110111110111
1100000000010000000101010101010111110000010001010010000100000000
0100000000010010000101111010001000011000011000001000110001101000
1100000000011111000011001110110100111101110011111111000100110011
0100000000011101010111111100100011100100101110100100110110100001
1100000000010010010110000001000100110000101110110010110000110010
0100000000010111001011101010000001101101010111000001100110111111
1100000000100011001100010110100010100111110011110011101001010101
0100000000010110000111010010110000000010110001010000011100011101
1011111111101101001111111011111111111000010110000010100101001011
0100000000000001110001101100110101111000111100111010000110100001
1100000000001110111111110000101110011010011110010011000011110111
01000000000110001