0011111111010000000000000000000000000000000000000000000000000000
0011111111100000101100011101101101101100011001110010101100000010
0011111111110000000000111001111010110001011000001111101000101111
0011111111111100011111001101100000001111001101110110001100001001
0100000000000100001111101110110000001100010101000001001000100010
0100000000000010111010011000111010100100011100001011100000100010
0100000000000101101110111110010001101011000010000101111111110011
0100000000000010000101001101010100100110000001100100000001111101
0100000000001000001100111101000010011001011001000100100010001110
0100000000000001001000010111100011010111100101110000101100101101
0100000000001110001110111101011001011100001000101010011101001101
0100000000000000111011100001111101001101011000110100000111100001
0100000000010010010100110110100101100000100011011011101111001110
0100000000000001010001001111010000100111000011110000010000001011
0100000000000111110011011111011010000010100110100011100100101011
0011111111111111000010100101000101011011001001010001101010100011
0100000000001110100110000000000001111111100111011111011101001111
0100000000000011111101001000101101000000010010111000001101000000
0100000000010010000100111100100111111011111111100101110111100001
0011111111111000111011010101010000011100110110001110101110011111
0100000000000110100000101001000011111001110101001000011100010000
0100000000000100001010001100001001000010111001110101010101110101
0100000000001001001001100111111000001001001100110101000000101000
0100000000000001111100111010011110000100110010001010110101011000
0100000000001110101010000111011111100011010111011110111111101000
0100000000000000010101011001100001001001011111101101001001001110
0100000000010010010001111110100101001100101001001010000110110101
0100000000000010110101001101000001100000111110101100000000010110
0100000000001001010011110010100010101001111111101011101111101100
0011111111111111000110001111101010011000000110000100000110000111
0100000000010000011100000110010111100011011010111110100110000111
0100000000000100110111011000010010101000101010011001000100000011
0100000000010001010101000110100110001011010011000001001110000011
0011111111111001110110010000011100001010111000011001011010001100
0100000000001100001011100010110111000111101100110100101000101010
0100000000001000011110000010100011111001111110001010101100100001
0100000000001111111101011101000011001011000000100010000110001000
0100000000000010111101011011011011011010100110100011010001110110
0100000000010001001000111010001011100001110011101000001000001011
0011111111111011010010011001111011011100000010110001000011010111
0100000000001110010011011011100110101011110100011001110111111001
0100000000000111111000111010011110111101010001111100000100101101
0100000000010001010100010101010010100000000010000011100000110100
0011111111111111101111001010100100000011111001011010111011101111
0100000000001101010100101101101001111011101111010100101110011010
0100000000000001101101111001011000000010110110110001110010000011
0100000000010010011100100000101010101110000101110111110011100101
0011111111111111010100001101000010001110001101101100101110101000
0100000000000101101110001101010000001101100100111110010001111001
0011111111111110001100010001111010010111110010110100100100101101
0100000000001001111011011001110100101101000100101010110001100010
0100000000000011001000110001010010111001000010110000010011110110
0100000000010000000111110010100001000011101010101111001100101001
0011111111111101011101010101010110101100001000101001110000101101
0100000000010001100111000100000111111100001101110100100010100001
0100000000000111101110010111101001110100000000101001010110101001
0100000000001111111101000001001001010011111010101111101111011010
0100000000000000111000110010011011010101100000011101110011101100
0100000000010001100110001100101101010101010010101100000000011001
0100000000000001011100100010100100010010000100011100010101000101
0100000000001100111100000001110000011010101100110011011111110010
0011111111111110101011011000011001000000111111010011100010100100
0100000000010010100111011010010000010011010011010100010011100001
0100000000000110111010001010011111001011010010111001000000011001
0100000000001011001001011000111011110100010010100100101101110111
0100000000000010101100101000001110110011110001110100001110101110
0100000000010000100011110001001010110100000010111100000000011001
0011111111111101001110101111110110110000011001111101111110011010
0100000000010000111011111001010000110111100010100101111001101100
0100000000000111001101101011001111011000010111111010011000011000
0100000000010001000000101110001001110000011110101001010110111011
0011111111111100110101110001011100101111000110110101011110110100
0100000000001110111101010010000001111100110011101100111000101001
0100000000000110010110110110000011010001110100010110100001110110
0100000000010001110011010111110011010100000010000101111101001110
0011111111111001101110101111101000001111000101100110110100110101
0100000000001000100110010110010110000010011101000101000000111101
0100000000000100110101000011100010110001001101101000010111000010
0100000000001100101011011111000010100100000110110110111101110000
0100000000000000011100111110001001111010010011100111001100011001
0100000000010010010011110110010110111101010000000001010010100101
0100000000000010110111011100000001010111011010001111010000010101
0100000000001001001010001101010011110111011110101000101000000110
0011111111111111010000111010000000110101111110101010011010110001
0100000000010000010111011010001100010101000111110110000010110000
0100000000000100111000001100011110110001101000011011011000000100
0100000000010001011110010101101110011010000110110101111010101110
0011111111111000111000001000111100100101100000011000001111101111
0100000000001011001111110001111010110110100001110000010110011000
0100000000001001001000011101101110100111011101100011111111101101
0100000000001110101011011101011011101010101000100111011000101000
0100000000000100110001000100111000111001001011000011101100000100
0100000000010001010101111100011101110010101101011101001001101011
0011111111111010011111101011011000101011010110010001101010111001
0100000000001100010001010000100010011110000000000010110110010001
0100000000000111001110010110001001111011101001000110000110101101
0100000000010000011010110001011001010100010100010101010111011010
0100000000000000000001110011100010111101000010101110111111000010
0100000000010000111111010110010111011100011101110010010100111011
0100000000000011000011001010101100111010110011110011000011111111
0100000000010000011111001010110111010111000100100101010001010011
0011111111111011000110011111001011100011101100010110101101000000
0100000000010000111111100011110101010001111001000010011011010111
0100000000001011010101101010001001000101111010110101010011011011
0100000000010001011001001010100101101110000111010101110100110101
0100000000000101111011111001100001001001110011101101110011000010
0100000000001110111110010010111111000011001000100101011010111100
0011111111111101110010000000001100001100101011111101011000100011
0100000000010010011000100000010010100101011001100111100101110100
0100000000000111110111000000011010110101101011000000000011101110
0100000000001100110001111101010110001011110111111101110010000011
0100000000000011001000110000001110110100011010101111000000110011
0100000000010001011100001100101100111000101000001000101000001001
0011111111111100010001100011011000000110111010101010010001010110
0100000000001100011010010001000111110111111000110000001100100001
0100000000000101000110111001000111011000000000100010101010101011
0100000000010001000111001111111100111110000001001111011011011100
0011111111111010110001010111110000111110000011000101101111111011
0100000000001110001110010000011110011111000101011000111101001011
0100000000001000011110010110100010110111100101100011010000000101
0100000000010001001001001001001101100000010101100000011101000110
0100000000000000100111010000110000001010000101100000010011111000
0100000000001110000101111101000110101011111000011001001001110010
0100000000000000111010001001111110110000100101011011100111001011
0100000000010010010111100010001110110100000111001000101010111101
0100000000000001101001101101111011010001010010110000110001000101
0100000000000111111000000100011111011111110001000011001111100100
0011111111111110000011010110101101001001100110110111011111111001
0100000000001111000101110011101000100011110011011101010011101101
0100000000000101111100111000101001111001000000101100010100100011
0100000000010001110001100001111011000100110011001001011011101010
0011111111111010000110101101100010101010110011111101101101100000
0100000000001001001011000101101001110000010011101001010001011101
0100000000000101010110010110110100101101110001111011110000010110
0100000000001101101010101111000001111110100010010100110010100110
0100000000000000011111000010011010011111111010110001000100111001
0100000000010010001100000100100110011100110000010111010000110100
0100000000000010111110110000100111011011001111101000011111011101
0100000000001010000001000101101010110001011010110001010101111101
0011111111111101111110011010101011001111000101001010011111100101
0100000000010001011010101001010111110100101011001100000011011101
0100000000000111001001110011101100000011101011110100100011000101
0100000000010000001011110001110001101001101000110110010101000110
0011111111111111110001010000011111100010111101111011010100001001
0100000000010001001010100010111001110100110100111100100001010011
0100000000000011011010110100110110101010011001100010001110100001
0100000000010000001001101001001100110001000110110001110111111101
0011111111111011001100011100101111000110011010100100011000101110
0100000000010001100111111100101010010010010101010111111101010110
0100000000001100011011111001100010101100011110011000110111010100
0100000000010001001100000000010111101101100101010111111110100000
0100000000001000000001110001100001001100100111010010001011011011
0100000000001111111011111100011011001001111001000000101000000010
0100000000000001000100101110100010111110000111001100010110001100
0100000000010001011011010010001111111100001110100110100010110000
0100000000000000101000001001111110001000100010111000100101100010
0100000000001101011001110010010011111101000010000000010010011001
0100000000000000100010010000111000010100101101001001010010110000
0100000000010010101100111011000001101101101100100100001101110010
0100000000000010100011001101101100101001100101000111010000100000
0100000000000110011110100001010001101110110011101001110001011111
0011111111111110110111011001000010010001100001100111011000011100
0100000000001011000100110110101001111000000110101010001000011001
0100000000000011011001101111000100110100111101010110000100101000
0100000000010000110011111001100001001001111010101100011000111110
0011111111111100011000100011100111101000110110000110100100111000
0100000000010000001000000011000000110010111011010110111011001001
0100000000000111011001011101011111100010000011110111010101100011
0100000000010001101001000001100000001110000010010101010000100100
0011111111111100111100101101000000011011110111110001001101010000
0100000000001010110101100100101101010100001001101110010001010010
0100000000000011100110101000100100000110010001110001000010110010
0100000000010000101001001000101001011110110000111000011000011010
0011111111111100100111011100001010100000100000101011111000010011
0100000000010000101001110111110010000001111111100101110010011110
0100000000001000001100111001111110000000111100100011100010001111
0100000000010001001100100110111011111101000011010010111111001001
0011111111111111011010110110110010101110111110000111110100001011
0100000000001101111011010100001000101000101000010010110110011100
0100000000000010100100101011000000001110110100010100010110111101
0100000000010010000100010101000110000100100011010111011111010001
0011111111111100100000011110100010011011110000100011111010100101
0100000000000111110000010110000001011101110000111010010100110110
0100000000000001101100010111100000010010100100011010110100011000
0100000000001101010111011001001111011110110111100100010000011001
0100000000000000010111001001000101111010100000010001000001110110
0100000000010010011110011011101110110101001010111011010000111001
0100000000000011001100001001100101000111100101111101001100000111
0100000000001000100111000010110101101001010100000001110111100001
0011111111111111101100110110111010010110110011010000101100111011
0100000000001111011101000001101010010000111110100011101010000110
0100000000000011111000010100011100111000100000100111100101101010
0100000000010001110010001110000111010110000101111100100101011011
0011111111111010000101011101000100101010001101100001011010110010
0100000000001000110110000110101111011101110100111110001010000010
0100000000000100111111100001101001101001111110110110111111010001
0100000000001101001100011100101001011111000110011001100011101101
0100000000000000011101110001111011000011011110101011000011111101
0100000000010010010100101011101101111111110101000011001001000011
0100000000000010101000111001100110010101000100111110100010101110
0100000000001000111010011001001111011011001010000110011111000100
0011111111111110100101001110110001110101001110011110000010100111
0100000000010000010100111100010100100111011001011110100111110001
0100000000000101110011111111010011101110101010110001010110001000
0100000000010001100011100011001000000001010011100001000111101110
0011111111111001001101111011101010101010001010001010101011010100
0100000000001010010000010010000100100101010100101001001111011000
0100000000000111101100100010110100001001111111100100110101110101
0100000000001101011100001010000010100100000101101001101001001011
0100000000000011010010010101011110000110101000000010110111111111
0100000000010001011111101111100000111100011110101010111110100101
0011111111111011011111111010100101011101110010011100010011000111
0100000000001011101111111110110010001011011000001110110101000000
0100000000000101011100001000001000110000010101100101100010011100
0100000000010000100111110111100011101100001110110110010110011011
0011111111111100000010100100010100011010000011000101100001100100
0100000000010000011110100111101011010001001100100000010101010011
0100000000001000111010101010010111111000100000101110100111100001
0100000000010001100000010000000101110101101111011100011011110011
0100000000000000100001000110011010000100011011100010101011111111
0100000000001100011111000111000000111011110011011001101000110111
0100000000000000101100110101101110010001010001100111001010101101
0100000000010010001101010101100010101001010000100110000111100001
0100000000000010010111000001101101010101111011010011000100000110
0100000000001001011001011001011100001010111010011010011100111100
0011111111111110011111001011101001101110001110110101110101000011
0100000000010000101101111011111110110011110010011001000100101001
0100000000000101101111100011101111010110101001010010010111000100
0100000000010000111100011011010111100100111000111100011110000101
0011111111111010011111101100010101001101101110110011010010000101
0100000000001110110000111010000111100001110111110000111000100011
0100000000001001111100110001001110100100010000010011010100011101
0100000000010001010011111010111111110000100100000100101110011010
0100000000000010111100101000101111110010111001001000110100111000
0100000000001110010101110000110101100011000101110111100010100110
0011111111111100100010101001100010001011011000100101011011100011
0100000000010010111101000100110001000010001010000111101110100001
0100000000001011001110011101111100000111111101000100011011011011
0100000000001101110111101001100011000100000011010111010011011100
0100000000000111111111011110101111100011111000101100000100110100
0100000000010000010001101111000000100100010100100010001111111000
0100000000000001000000110101001100011011100110100111111111001001
0100000000010000111111011100101111001001011010111110010000100000
0100000000000000100110110001111000001000000100000110010011110001
0100000000010000001000000111101100010000101101110111111011100101
0100000000000000111100011000111101101001110100111111000010010101
0100000000010001101111100111001001001101010000101101010000001111
0100000000000000111100111011100000010000100110101010110010101101
0100000000001100000101100001110100111000100011110111010001101011
0011111111111111010010100001100111111001001100001010100010100111
0100000000010010100111000001000101100000010011000100111001111100
0100000000000101101110100011011010110011010000010101010001111100
0100000000001010001000110101110001110010101111100000110011111011
0100000000000001001000101101001100010011011110010001111100100111
0100000000010000011100011101000011010000110000010101111000111101
0100000000000001001011101110101011001011111111000110110010000010
0100000000010001010000011100000000111011001010000001010010000101
0100000000000000101001110011001000010010100110100000100011111101
0100000000001110101011111010001100110111001000101011000011011000
0100000000000000111000001101011000111000110101111010110100001011
0100000000010010011100010011110111001010010011000111011011001101
0100000000000001110101000111010001100001011111011001100100110101
0100000000000111101000100100001011101000101100011001010000011010
0011111111111110001010101000101110111010010110100001000011010100
0100000000001110001011010100100110101100000101001101010001000100
0100000000000101000001011000001101000110100011110000100001011100
0100000000010001101100000111111010010101011111011101101010101011
0011111111111010000110001001100111011000001010011110111100111001
0100000000001010000000100100000011000011010000001001110100010011
0100000000000110001100101010101100001010111100101010100110011110
0100000000001101111111110011000111011011000011111001001101010010
0100000000000001001010111101110100011100101010011110010111011100
0100000000010010001001111111100000101000111010110001000100010010
0100000000000000111001001010101001001110010110010101111101100101
0100000000001000101100110110100001110110011000010111001101000010
0011111111111111001110100011110010010110111011000010010111010110
0100000000010000001010001000100000011010011011110011010010001111
0100000000000100010001001010001010010010101010011110101001000000
0100000000010001101101101010001100110101110010001111110000011101
0011111111111000111101110110010101101000100010100101010001000100
0100000000001001001100111010100001101011011111001011000101110010
0100000000000110011111010011111100100110010111010101011000111100
0100000000001100111100101111110101110100011010111110001000111011
0100000000000010000110001001110000110101101110010100100011000110
0100000000010001110100000110110100001010101001011011010010000010
0011111111111101110010000000010110001111110001000111111100110110
0100000000001010010111000000101101101101101000100110000001011110
0100000000000010011100101000010110101111111011010100011011001101
0100000000010000100000010101000110111110001000110010000010101010
0011111111111110101001001001011001110100110000000011111100000000
0100000000010001000101111001001101011000010101100000101110111011
0100000000000101000000110101101011101100010000011010100101111100
0100000000010000100110010011001010111111011110010001101010001111
0011111111111010001111000111010011101011011000101010111010110100
0100000000010000011010010100000010001100100011110111100111111001
0100000000001100010011010011001001110011000000000010011000111101
0100000000010001101100111011000000001000001110101010001111111100
0100000000000111011010101100110011101100110011110100010011011111
0100000000001110010101111110110101110101100010011100101001110000
0100000000000000111111011110011001110110110111000000110000101101
0100000000010010000001111010010011100101110110100001101110101110
0100000000000000111100110110010110010000111000001111001011101001
0100000000001001111011000001000000010111100001100001010010101110
0011111111111110110101101001001011001100111010110011000011010011
0100000000010001001000011010100000100011110110001000010010010010
0100000000000101111001110011111101001100111101010010010011111101
0100000000010000101000101000001100011111111001100110000110101111
0011111111111011010001111101001110000000000011001111100011011111
0100000000010000100001001101010001101001110010110111010010111111
0100000000001010000001011111011110011111010110111100101101000111
0100000000010001100011001100111101100111101000011110111100110001
0100000000000010110100011110001110111101101011111001101101100100
0100000000001100110000001011101001100010110100100111001001000011
0011111111111100111110111111010101010000101000011111101110011001
0100000000010010111110010011101001101011100110101101010111111010
0100000000001010101101001001111001001111110111101000000111101110
0100000000001101001010110001101100110110001010000100111010000100
0100000000000111100001001100101011000000100110010000000000100111
0100000000010000010001000000110011011110111001010011100010101000
0100000000000000111010110101001000100001001011111010111001100100
0100000000010000111100110110111001110011011000011010001010110010
0100000000000000111011000000000000110011011100100000000110011011
0100000000010000001110111100101101100010101001000101100011000101
0100000000000000110010110001011010110111110110101101000010101000
0100000000010001101001100011100101101100111101111010110011010011
0100000000000001011101100100110000011010101000110000011001011011
0100000000001100110000111111010101000100111011011011101111101111
0011111111111110010101101011000101101111001000111010001110011001
0100000000010010101100010000001010110100010010000000001011100111
0100000000000111101111011001111001110010010001000100010000111101
0100000000001011100101000000001100011000100000101011110000101010
0100000000000011100101011111001111111000101011100010101100111000
0100000000010000101100010011010111111010101101010010101110111001
0011111111111100101101011111111101011000101100101101110111110101
0100000000010000100011011101010011101011111110111100101000101111
0100000000000111111101011000111011001010110111110000001100100011
0100000000010001010100000111110000001001111000101100101001000000
0011111111111110011001100000000000110010010111001101000011101001
0100000000001101001010101011100001010100010001001101001001111111
0100000000000011010101011101011000000001111110011001110001111101
0100000000010010000011000011110100110011110101111110010110101000
0011111111111010001101101010100111111010010110101110010101000111
0100000000000111010000101000101100100010100100111111011101101011
0100000000000011100101110000000100100011010001011100101101000001
0100000000001011001111000001111110100001000010111101100100100010
0100000000000000011100001010101010110010000011100001010010001000
0100000000010001100000111001111111111111000001000111100100110110
0100000000000010111100001001001010110001100001010011011101101011
0100000000001101111111011100001001001111001010101010101010110001
0011111111111100110000110100011100010100110110111010110000111100
0100000000010010110110100000010101101011010100111101111111101101
0100000000001010101110101010100111011110010001000000011111100000
0100000000001101110001001011100100110101000011100101000110111001
0100000000000111100110000010110101001110001010000100010101000000
0100000000010000010110111011000111110111110111100101010110010000
0100000000000000100001100000011010001011000000110110010011011111
0100000000010000110111111000100101101111011111011001001111100001
0100000000000001011101000010001000010100010100010101010101111111
0100000000010000011010110111001001110111010001110110001101110101
0011111111111111111110100111101100000110010111110001010001000000
0100000000010001010100001010100100001010011000100101010110000011
0100000000000011010000001001111110100101101110101010000110000111
0100000000001111010000000111111100010110101101110010010001000000
0011111111111011111111010101010001010100011100011001011101000111
0100000000010010010010000110101010010111111001100110101000101100
0100000000001011111000100101010110011101001000010100001111111110
0100000000010000011010001110111101010101101101110010110101000110
0100000000000111111101000011011111111010111101001101110101000111
0100000000010000100100010011111100110111010111100110111100011000
0100000000000000011011111101101101011001101001111101011000101110
0100000000010000100110010000000101111011001010010100010110100110
0100000000000001110100001000110111101111001111110101000001011000
0100000000010000110110001011000100100111001011011011101001100000
0011111111111110011010001100111011110101001000100110100011011100
0100000000010000000100110010110110010101110100001011000010001110
0100000000000100001101011001010100101011101001101000110000011111
0100000000010001101111011001110101111100101001011010001000001110
0011111111111000101000010011011101101010101010100101011100100000
0100000000001000110100011010011011011100110111010001111000110001
0100000000000110111110101000111000110001010010100001010011010010
0100000000001011110110001010110001000000110110100010011110101111
0100000000000011110011100100101111000011110000001100101011101100
0100000000010000110100111011111000000011100001111101000111001001
0011111111111011111010111110010001100101011010011110111100111000
0100000000010000000111000110101000000100001101001000111110100010
0100000000001000101001000100110000000001111001101010010011001001
0100000000010001100100100101011010001111101100001011000100000001
0100000000000000000110010100101111011111000110100100011111000011
0100000000001011101101011000110111110100111101010100000111000111
0100000000000001000011111111011010010010100110011011111101001100
0100000000010010000011101010011001001001010100100011000101111010
0100000000000001011101101011000011001010010100100001010001110001
0100000000001001111111100111101001111110111001000101111100111111
0011111111111110111001011111011100000111100000101111000111101010
0100000000010001000111000000111001100110001011000000100100000101
0100000000000101101100100111000010100010000111001001011100001011
0100000000010000101001011110110000011110011101101110001001001000
0011111111111011100100111100000011100001010100100110010100010100
0100000000010000011100101001110011010011110110101101110101011101
0100000000001001010000111111011010100110010001011111110000110111
0100000000010001100101010101001101001110111101001100011000001010
0100000000000001011011100010000101110010001010010100111000011001
0100000000001100010010111111100010001001100011000100011100101000
0011111111111110110001011101000101011001011111101011110101001000
0100000000010010101110110010010011101101111111100000010010100000
0100000000000110110010101000110011001111111010101010110100011100
0100000000001010011110011101001001101000001000000110110111110011
0100000000000010010111010111010011010100100101100111111001111001
0100000000010000010111111110011001000110001001110010100010011111
0011111111111111010100100010101010110100001011111110001101001110
0100000000010001010011010011001101100000010110000101100111001001
0100000000000011111110011011100000111111101110010001101001110001
0100000000001111101001111110110011111110110100101011111000001101
0011111111111011001011110110111001110111000110010111001001011011
0100000000010010000001001000011011101000010010001111100010011110
0100000000001101001010101101100100100000011111001011100101111001
0100000000010001001011101111010010010000000100111010100100001010
0100000000001001011100000011100111001100001001100001100011110110
0100000000010000001111110000101110111000101011100110001101111110
0100000000000011001010110000100011001010010011011111011110011111
0100000000010000111011010010111000001010110111111111111000000000
0011111111111011101001001100111000101111100001111001100111110101
0100000000001111001111011111111110010110111110100101000001000100
0100000000000111111100000110110111100101111110111101010100010001
0100000000010001100100000000111010111100100001111011110101101001
0011111111111110101001001101101110011000011001101111100110111100
0100000000001011001100100011001001111000100100110011110000010111
0100000000000001111010011011101101011110001011101111110001101011
0100000000010001011110001110011011111111001110001110101010001011
0011111111111111001000100011100100111101001001100001001111010000
0100000000001100100101100101111110100110111001011111110100101111
0100000000000010001110001011111101111000101101100101110010101011
0100000000010001111001101001101100011011101101010110000000010101
0011111111111101111011111100110111101011110000111001001010011011
0100000000001001110010010000010010010001111111110100100000011100
0100000000000001101011101011011111111011011110111011101101100010
0100000000010000100011111000000111101001100000100100011010000101
0100000000000000011011111111111111110001111000011001011111110001
0100000000010000111011011000001000001101010011110110011000010011
0100000000000001111111000101111100101000111010001101100001101101
0100000000010000011011000010100111010110000110010100010110001111
0011111111111101010101100110001011000110001110001101110011100100
0100000000010001010010000111100111101001000011100011101100000101
0100000000000111100011000000110011011101000101000010010110010100
0100000000010000101000111011001000100010111001011000011001101110
0011111111111111010111001100110011100001111110110011001001100111
0100000000010000011010011100111000111101000001010001000110100000
0100000000000011011001011101100011110001010110011000010000101011
0100000000010001010111010111100010111001000110101100001010001101
0011111111111001111111001110100101101111110100010010011000001001
0100000000001100101010111011010100111001011000111101011101110011
0100000000001000110000011010101110100000111111100111101011101101
0100000000010000011010111110110100110101011101111000000101100011
0100000000000010100000100000101110111001001111011010110100100000
0100000000010000111001110001111000100010101000011010010110101101
0011111111111100000010111110010000100111110000111110111110010100
0100000000001111100000011111101011110101000010001000100011001101
0100000000000111111100011101000001001000110001101011000001101001
0100000000010001011100111010101111010000101100000010101100001111
0011111111111110001001000101100111011010111111011101011110001110
0100000000001011110101011100111010101011000110011110110101001111
0100000000000010100011101100000001111011101001110001010001010101
0100000000010001100011100100000011001000111000101111110100001000
0011111111111100101001111111111101100001101010100101101001101110
0100000000001011011001000011101110111110000001100101110010010100
0100000000000100001110001101010101111111111001100100010000100101
0100000000010000111011101011001010011000111001111100111110001110
0011111111111011100000001111110001010110100101101110110000001100
0100000000001111011111011011011011100100000011001010111010011001
0100000000001000010010010001111011100000110110111111111011100000
0100000000010001011100111000110100111101010100011100101101000001
0100000000000000000100011100000011101101001111011101110011000110
0100000000001100100001000011100110010111101000011001010000111111
0100000000000000111001000010010010010111110011001110100101101010
0100000000010010001010100111011011011000010100010101101110010101
0100000000000010000000100110101000110010010100000110111011001100
0100000000001001011100010001100011001000111100010110110000000011
0011111111111101110101000110110110110100011011111000001001111101
0100000000010001000011011111110001001110111011001011110101111010
0100000000000111100101001000001010001110011110010000101001011100
0100000000010001000000011101000111000110100000010011000100000001
0011111111111101101101100010000001001101111011110110100001110110
0100000000001110111000000010011110111000011101011001110000100011
0100000000000100100001011011010101100110011111101010010000010001
0100000000010010000011111010100000100000010111001011010101101011
0011111111111000010001100111001111100001111010010000110000101110
0100000000000110001100010011100010011111110101011110111101010100
0100000000000100001011110111100010111000001011100010011001000011
0100000000001000011001000011010100010000011010111001011000010110
0100000000000010011111110100100111111100011001101110001010111101
0100000000001101010111111000111000010110110100001101000001111011
0011111111111111011111101010010100010011000010001110100101100011
0100000000010010100000010010100010000011100111110011101111101111
0100000000000100111111110011011100110110110010100011011101001101
0100000000001001111110001001110100000000111100000010111110001110
0100000000000000111001001011000001111010110100001010011101100011
0100000000010000011100001100101101111011010101011010001111111010
0100000000000001101101001000000001001001101000010001011110100111
0100000000010001010001000110001101110110001011001011001011001101
0011111111111110010001001101000011000110001010111110111010011100
0100000000001110000111010010001001000001011100000011000100110010
0100000000000011111100010111100000111110101001101011010111100010
0100000000010001110111001110101110111001100100101101110101010110
0011111111111010010100100111010001110100100001111011100101101000
0100000000001000010111100000000011000010101101010001101111100100
0100000000000100000011111010111010110011100100111000011101001101
0100000000001100100001111111101010100100101001110111101101101001
0100000000000000100000111011010110100110100001001010011111001001
0100000000010010010000000000000100101011000100101011011100010101
0100000000000010100000100101010000000111111000000110000111110100
0100000000001001001111101000100110011100110111001100110000110011
0011111111111110101110001100011111100110001101010010100000110001
0100000000010000011100001001011111010100001100011110110110110000
0100000000000101001110111000000011000000011010000011101010010000
0100000000010001010110000110100001111101011011111011010101110110
0011111111111001001011111111110101001010101100001011000100011010
0100000000001011111000110100110110000100010011011001100110101111
0100000000001001001011101000010000001000010000011111100101110000
0100000000001111001010101010110110100000001100101110011001011010
0100000000000100110100011010111111101010110100101110011110010111
0100000000010001010000110001111010000010101101000010100011100001
0011111111111001100010001111010101100001011011100111110100011100
0100000000001100100101110110101101001101101001111001000111000010
0100000000001001010001111110101110110101111101000000100010000010
0100000000010000001100000001000011111111101110010011111011111010
0100000000000011100011110000110010110001101000101010000001111001
0100000000010000111110111100010011101111101000101001001001010101
0011111111111010010100110111011111000001010100110001011111100110
0100000000001110101110001010111001000101010101001011101110111100
0100000000001001110100110010101011101000111100011010001101010000
0100000000010001010011011110101101011111110011011011111010101000
0100000000000010101011101000101100001001110010100011110100110100
0100000000001110010101110111100000001000111100000110100111110100
0011111111111101101000111110111011010000100100101101000000110001
0100000000010010110111000110111110011011110010111101110010110011
0100000000001000111011010100011111010110001101110011110000110100
0100000000001011111001000100111001001100100100110000010100101011
0100000000000101010100011111011011100110000010010000100001111110
0100000000010000000001010011111110000100001110000011111111010000
0011111111111101111001011111001100111111101101001001101111000100
0100000000010001100111010100100010101001111101111001001100001100
0100000000000111000001111110001010011001001001111010011111010111
0100000000001111100111011101110101100000110101011111000010101001
0011111111111111110010101010101010111100000010110110001010000100
0100000000010001111010010101110001101001101101001101100110111101
0100000000000011110010101101101000111000101011000011001110010001
0100000000001100110110110001110010010001000011101000011000000001
0011111111111100110100011100111010010001101011101011001000110101
0100000000010010101101100011110100110111011111001001001111011000
0100000000001010111011101011110100111100111110111011101111111100
0100000000001110010110001011001011001101110001111010010100100101
0100000000000111010101001000011001101011001011000111011000010000
0100000000010000110011010101010001011100100100011100011111010110
0011111111111110111100100110001101100010111000011001011011100100
0100000000001111101111111010110001000110011000001111101010011010
0100000000000011111000001100011101101011001110100011001001001010
0100000000010001101100100011111010011111110100010011101110000011
0011111111111001011011001000110100000000111100000011110110000010
0100000000001001011010100100010000011111011010110000001111001110
0100000000000110001100101101000100101001110001101011101010101000
0100000000001101011010001101110111000000111101100011101101010110
0100000000000001011111100100110101011110100101011001111001100110
0100000000010001111101011110010011110101101100111000101011011010
0011111111111111111100111001000000001100001010010011100110011001
0100000000001001111010111111101111111101010001100100100101010111
0100000000000000010111111111110100001010110001111101110100100111
0100000000010001000101010000111111101011101011100001110000100110
0100000000000011000011011101110111010100101110100101111000110101
0100000000010000010010100111100000001000111100110000010001101111
0011111111111100000010110101101111000011000111101100101110110111
0100000000010001001101110100100011110000101100101110101010011110
0100000000001010000110010001000010111110000000100100010011111010
0100000000010001010000110111011101111110001111000000100101101001
0100000000000011011011000000111010100100000101101001001111000111
0100000000001110011001011101010001000110010101110111001100001111
0011111111111101001011011010001101000101001001111100100001011101
0100000000010010110010010111000010010101001011011110110111111101
0100000000001010000001111100111110110011100000001100010110101101
0100000000001101010101000110101001100000010000010000100010111110
0100000000000110000101101001101001000011010111000000101000011010
0100000000010000101110010100010010100110010010011101101011010000
0011111111111100111000111010000100111010001001110100010010110100
0100000000010000010011011101101100111011001000001110111100010000
0100000000000111010110010010010111111110010101001010110010010010
0100000000010001101000100110100100000000001111011011001110101101
0011111111111011111111100100000110100011011010101101010000010010
0100000000001010101001111111001111111111110010000001010111110110
0100000000000011111101101101110011101100011011011110101011110100
0100000000010000010111100111100001001110001010010110010011011010
0011111111111100100010010001011010000011110010001010100001111111
0100000000010001000001001100110000101110100101001111000001110111
0100000000001000111010010011101010111100110010100100101100000011
0100000000010001001011100101111000110000010001111101101101100000
0100000000000001001010010000110010100110001100100010110011101000
0100000000001110000111100111110001001101000010100000010011000100
0011111111111111100110010111100111011000000000011100110001000010
0100000000010010100111010010000011101111010101101100110010011111
0100000000000100110010011000100001100000111001110101110011100100
0100000000001001010001101001000100100001110000010000111111111110
0100000000000000011100000011001110001101111000010101110010000101
0100000000010000000101001000110010001000011110101001011100000000
0100000000000010010011011011110111100110001010000010011001111100
0100000000010001101101100001100100011011001101111010010010010001
0011111111111100011111101010000101100110001101011100111111001001
0100000000001010011111111001111110101010111001000011110111111000
0100000000000011010001110001111010100110000010001111100110000101
0100000000010000011000011011111001010110110101010101100011011011
0011111111111101100110111101100011100010100001100010101100010011
0100000000010001000010111110101000010000010101001001110110101110
0100000000000110011111010100100111010101110110111110010001000010
0100000000010000111000010011100010001011001011001001110110000001
0011111111111011111101011000001110001100100010000001010110001110
0100000000001111100100000001000010110110110111011111011011001101
0100000000001000001001100010111111111111101000111000111100010011
0100000000010001011011010000011011101011011000000010100011110000
0011111111111110111110010011001010010011110010100011101101110001
0100000000001100011001100101001001101101011000101010000000000110
0100000000000010011000101010010001100110110111011011100001111110
0100000000010001101110111011011000110100100110100000000101101111
0011111111111101000100100001100001111100001101100100110101011110
0100000000001010100000101101001101101111110100111010010010100000
0100000000000010111110001000011000000010111100101111110010001000
0100000000010000011101110001010100010110101100111001110110011101
0011111111111101000001100100001101111100000100100110010111000000
0100000000010001000011101101000000010100000101011111111010111100
0100000000001000000001101000101110110110011111000001000110110011
0100000000010001000100011001000000000110110010100011110101001001
0011111111111111111101111001001010111001101011010011111000011101
0100000000001110100000111100111001000100011001001000010010001001
0100000000000001110100011011111110110101101000000010011000110110
0100000000010010010101110111011111011011011001100001010000001010
0011111111111110111011100010111100100110010010001110110011110111
0100000000000110001011100000101111011001101010010001100110100100
0011111111111111001101011100100111000001000100101111000010000010
0100000000001011000010110010101111110010011010101001110010100111
0100000000000010110101100000001111000001000110001001010010001000
0100000000010000111010110111010010110010110001001001001101010001
0011111111111101010110111101000110111110010010101001000001101001
0100000000001111011110111101011100101000000011111100100001111011
0100000000000101011100000010100111110101101001110011101001010011
0100000000010001101010001110101011011100111100110001010011100100
0011111111111001100000101011000111111100100101100011111000100110
0100000000001010000000111010000101001001101000000110001000101000
0100000000000110111110000100011001011001101010100101111101110111
0100000000001101011111001010010010111100101001111110011010101011
0100000000000010100010000010110011010101111010101000111001110111
0100000000010001101011011111010100001011111111010010011100110101
0011111111111100011110001011011100110111111110010100010010001011
0100000000001010100100110011101000010000111010010010000101110101
0100000000000011011000100000010110110010100111011000000100001101
0100000000010000011011110011001011101100101110110100000101001010
0011111111111101011101000101000010101101101011111110111101001101
0100000000010000111101101111110111110110101101000011010010001110
0100000000000110111100010000110001011101000101010011000100110000
0100000000010000111110101110101111111000101110001101000101110011
0011111111111101010110011111101011010100000100111000111101111001
0100000000001111001010011100010001110011101000011000110011110010
0100000000000101001100111000001111000000000010111101010101101000
0100000000010001110110100101101001101101001111111101111100000000
0011111111111001100011101110001101000101110110000110111001010100
0100000000001000001100010101110011011000110001011010000001010100
0100000000000100111101011000010000101000101101000010001100100111
0100000000001011100100100100111100111101010000100011101010101101
0100000000000001100010000010011101101000001101110110000111001001
0100000000010001100010010110110000000010101011110000110101111011
0100000000000000011110100001001000100000001010000110011100001100
0100000000001100101000101000111111101011111000000001100011100110
0100000000000000100000110101101111010001100010011100000110010110
0100000000010010010010001010110100111101100000110011110010111010
0100000000000010100001011101111010000110000001101011000111011110
0100000000001001000010110011001001000011110111010101101111111111
0011111111111110011100010100000111111110110000010111101000001111
0100000000010000010110101101111000010100011001001110001000011001
0100000000000101110010000100011101111101000101101010100101101110
0100000000010001100001001000111101001011100010001100001001110000
0011111111111001010000010011001000001011110010000000110101010110
0100000000001010100001111101000011101110000110000101110111111010
0100000000000111101110010010111111010101111011101001100100010111
0100000000001110000101111100011100100010001000101111010001110001
0100000000000011001111000100111001101011010111010010100011010001
0100000000010001100010110000001101001101010011000100010000110011
0011111111111011000111000001100001010011001010101011100101011110
0100000000001011001100000111100110001010010001001100010100011111
0100000000000101110000011111010001011111011111000001110001001101
0100000000010000010110100110000111100011011110101011010101001011
0011111111111101001100111101010110000000010000011111001100111000
0100000000010000111101111110011111011001011100110100000000011011
0100000000000111001101000100100100101001011110111000100111101101
0100000000010001000000010011000000010110010001100001111101111001
0011111111111101000100001001100100000110110101001101111010100010
0100000000001111000001100101010100000000110010001101101001101110
0100000000000101111010010001111101010111011100010110001101010101
0100000000010001110101011111110011110010100001110000101110001000
0011111111111010000010111110110001000011011100111111100011010100
0100000000001000101110101010101100101101110110110000101100110001
0100000000000100100111000100001010011110010011000010011110100111
0100000000001101001010000101101000000000001100001110111000101000
0100000000000000100010000111100110101110011010101001000100100101
0100000000010010001011110111001100100110100010111011000101111101
0100000000000010100101010110111010001000100000110111011100010101
0100000000001001101111111111011110001101100100011010001111110001
0011111111111110110100010101100010001010110101000001100010110010
0100000000010001000100101101101000101101010111111101010001010101
0100000000000101111100000100001001110111100000101011010100100001
0100000000010000101111110100100010100000110100101110001010100111
0011111111111010111001011011010010001100101111011101000010001101
0100000000010000000110111000101101011011010110111000011101010011
0100000000001010010011101111101101000101000110110000100001011001
0100000000010001011101111010110101011011101000101100101011110010
0100000000000011101011100001111100100001000011010100100011010011
0100000000001101111000000100010001111011110110010111111010011011
0011111111111100110000010110011001010111010101100110001101011011
0100000000010010110001001000111000101110010100011011010000000001
0100000000001010011101001000011011111110001000010110010111010110
0100000000001101101111111111111010111011001101011000001010000000
0100000000000111000111010010111100000010000111000110101011110011
0100000000010000101001101101001101000100100101011101101101001100
0011111111111111001111100010010111101100010011110000100100011000
0100000000010000001110010101011100010000001010110000100110001100
0100000000000011010010000100000110110101011000001011111001111101
0100000000010001101101000011001100101001000100010101100100101101
0011111111111010111100010001101011101010010001111110101101101000
0100000000001001110011001100101010010100101011101110000011010001
0100000000000100100001001000001111010001101110100001011101100011
0100000000001110111100100111101101000000001110111001001011100111
0011111111111110110000011110000000100100101001001000111011100101
0100000000010010010111111100010110100110001001000001111111011011
0100000000000110011111010100100111001011100101100100001110001010
0100000000001011101100110100010001011011001111010100100110111000
0100000000000001011101001110000011001100000100110101000111100000
0100000000010001100000111111000110110110101101111010010000010011
0100000000000000001110010000011110011111110011001100001110010001
0100000000001100101001100100110010111110110011100111000010110100
0100000000000000101011001010100110000000111000001001010101000001
0100000000010010010001011001010010111101111101010100001101001111
0100000000000010000011100100100011001010000011110001010001000110
0100000000001000110000000011001110010001001011000100110110001010
0011111111111110101100001100111100010011100011100011100110110100
0100000000010000000011000100110000111000100000101100001111000001
0100000000000101001011001001001111110111101011111011101010101011
0100000000010001101010111110000001100000000000111010000011111010
0011111111111000110000110111010011100100101110001100110001111101
0100000000001001110101011011011001011000110010001000010100100110
0100000000000111011001001011111011110000010110111001110111100000
0100000000001100111111010010111011111101110001001101010110110110
0100000000000011000001001010001011111000100001000011011111001000
0100000000010001010100010010100000110100011000111010101101110011
0011111111111011100001100010010101010100011011101110100010110011
0100000000001101010101000000000110011100111101001001101001100000
0100000000000110110110110110010110001111000100101001110100100000
0100000000010001001110101011011110000000001001110011011101011011
0011111111111101100111001000011010000100010101110101100111011100
0100000000001101010000110000111101101000100010010001001100110000
0100000000000100000010110011100111111011100011000100101111011101
0100000000010001111000011111110000011111001101000011110010110011
0011111111111001111011111110111001010001100000010110001110100010
0100000000001000000101011011110100100010100000100110101011100010
0100000000000100001101111000010001101001100100110000111110001011
0100000000001011110111100000101010101011100111001101011101101110
0100000000000000100000111101001010011110001110010011000110110100
0100000000010001110010101101010001110110100000001000011000100010
0100000000000010011010001010001110101100101100000110000011111010
0100000000001100101011110001101010101101000000011001001010001111
0011111111111101111001111100010010000001001011010111000110101000
0100000000010010111001100110110001110011000010110011101010110010
0100000000001000101000101000001100011100101000111001110100011000
0100000000001011010011110010011100000100101000001010100100001000
0100000000000101000011010000011111001100100110011011110110000111
0100000000001111111001010000001111001100001000110100001100010010
0011111111111101010100001110000011110001110111111000000011111001
0100000000010001110000011110111001101100101110010001101011110001
0100000000001000000110000010000011100000001000011000101000111110
0100000000001111110111000000111000100111100110110010110111001000
0100000000000001011111000101001000101101001111100100001011100111
0100000000010001010110001110100010010001001101010110001011100001
0100000000000000000110110010100001011100110100011100001110001101
0100000000001101110001010100001110010011011011101101101011001110
0100000000000001101100111011000111010101011101001011110001101010
0100000000010010010100001100001111011101010111111000110000100011
0011111111111111110110000011010110111100111000101111000011111110
0100000000000110101110010100101001010101100011010000010010001101
0011111111111110011010110011111010001100000111000101011101110111
0100000000001100101001011011000010000101011100111100010111001000
0100000000000011111111110101000110001110011101001101111001110010
0100000000010001100001010010100011100110111000010100010111011010
0011111111111011000110110010011011010011111110000110010000101100
0100000000001011100111111001010110100010000110001100001111011011
0100000000000101111110010111010011001100011101000001101101000101
0100000000010000011011101000111011101010110001011011110101101011
0011111111111110000101010101101100010010010110111110000100101001
0100000000010000110100001110110111101000010111110010010101111111
0100000000000101100010011010100001001100011101010010001000000100
0100000000010000111000110000011100010001011101100011110111001000
0011111111111011000100001011111110101000010010101100001101001110
0100000000001111001011100001010110110010001000000010100000010111
0100000000001000110110010000100010100011101001010000011001111010
0100000000010001100000100100000011110100000010011001000101011101
0100000000000000111110100010101110110101001110011110110111010001
0100000000001100101100001010111111111000111100011100000000000010
0011111111111111011111010100000110110000100001010111011111001101
0100000000010010011111110101110100100101100000101111100101001101
0100000000000101000010010001001111000110100111010001100100000010
0100000000001010000010000100111010011110101011001111110001000010
0100000000000000110110100111010000101100110001110100101111000100
0100000000010000100001011001111001111001111001101110000000001000
0100000000000001111101010110111001011111110001100101101110110011
0100000000010001000010111011100000011000010111001111010000010010
0011111111111101100010110110010001110111001010110010010010011110
0100000000001111010111101011011010001111101101101011100011100011
0100000000000101001001110101100010001111010111010011111011011000
0100000000010001101111000011000101111101111110110100000000010110
0011111111111000101111110011000011110100100010000111110011111100
0100000000001001001111100000011001001111110111111001111010110011
0100000000000111001010101000000111100111110001110110001010111001
0100000000001100100010000010000100010000110101100111001100000100
0100000000000011011111001100101110110001010111011110101010101001
0100000000010001000100100011000000010101100100011101111010101000
0011111111111011001110111100110101100011100010101011110011001110
0100000000001110010011111101000000110001001111011011001110010100
0100000000001000010100010101100001000000010010011100011101011111
0100000000010001001111101010010011011101100011111111000110100010
0100000000000000001010000010110111001000100001000011011110000100
0100000000001101110011111111101011000101000001011110101001111100
0100000000000001010110110000010110011111101100100001101011010100
0100000000010010010111111101111000101111101101010011011000110110
0100000000000000010101001100000101011101111110100111000110001111
0100000000000110101111011111011101000110010101011101001110011010
0011111111111110100001101111010010001111001001101100100001110011
0100000000001100011011011011100110010100101100101010000010110101
0100000000000011110001010100010111110100000100001101111001100101
0100000000010001011000001101111101011001001111011000111110110111
0011111111111011100111001010101101110100100111101111100000000001
0100000000001100110101111110010010110111000111001110011011100001
0100000000000110100101100100101111101001101011110011110110001110
0100000000010001001000110110101110001111110011100111100011011001
0011111111111100100000111110100010101100010000101010000010111010
0100000000001101101011000010010011001110010111000101111011111101
0100000000000101011101001110011101001010110001100110001110010011
0100000000010001100000001100101011111111111011001011010110111100
0011111111111010100100101110110000010000000100101110011001110000
0100000000001011000011011010111111110100011001000010100001000010
0100000000000110100101111110011110100010100111001100100110111100
0100000000001111111110111001100111001101000100000011101000110101
0011111111111111101101110001101000011000000011110011000100100010
0100000000010001011110100010011111000001000010101000000001110011
0100000000000100000111001111010111110101010000100100101000001010
0100000000001110101101010010000110010001101011100001101110000000
0011111111111100100000110010000010101010100001010101000101100110
0100000000010010101010000100011000010011001100111111001011000111
0100000000001011010001010001000110101100101101110111010000001011
0100000000001110101110001110000101111010101000111100111001010110
0100000000000111101011101010000011011001001100111101100111001000
0100000000010000110010001011100110000000010111001011000001001111
0100000000000000000110101101110101111111000001111010111101001100
0100000000001111111010110111110010101000100000000011001000101000
0100000000000010000110011111110111100100100100001010011101010000
0100000000010001110000110110001110001100010100010111011111010000
0011111111111100111011010000111100101111101111011010100110010011
0100000000001010011010011001011100010111110111011110101000101001
0100000000000010110010011000101100110111001000010011100100010110
0100000000010000011100011000000000001001100111011001101101100111
0011111111111101010110000011110011010111000000011011001101100000
0100000000010001001000010100111100000000101011111100100100000001
0100000000000111011101101110000101100001101110111001101111110100
0100000000010000111010111001011110100011010110100100101110101011
0011111111111110011100010001011101111110110100000111010010110010
0100000000001111010010011001010001011001101100010010100010100101
0100000000000100000011001010110110111111101001010000010101000011
0100000000010001111000110110100101001100001001011110110100000101
0011111111111000101111010100110110111111010001011101111010110001
0100000000000111101100011011101001111101110010101110111010011110
0100000000000101001001010000011101101110001100100000110000000000
0100000000001010101100011101011010101011101110111110000111100011
0100000000000001101110000101010101110001110001110111010100101101
0100000000010000110110010011001000000110100110111011010010101110
0100000000000000010101000011001001110000110111101100111011110101
0100000000010000001011101111111100010110101001010110111100111111
0100000000000001110011000011011111110011000111010110110011001110
0100000000010001101110010111010010101111000110010000111010100001
0011111111111101111001011001110111110010000100111010000111100000
0100000000001010111101001001011011001001000001010001001101111001
0100000000000010011001110111100100001010101010101010010110000001
0100000000010001000110101110110010000001000110001100110100100111
0011111111111101100011111010001010011011111001001000011001110100
0100000000001110111111010011010011001001111111101111100010001001
0100000000000101001110101000000100000000010010000001101100000111
0100000000010001111011011001101101000101111100011100001111100001
0011111111111001000110111010011101110100000100101101100110100100
0100000000000111001111010110111011011011101011001110001010001101
0100000000000100010111110010101011101011010001101110011111011110
0100000000001010101101000001110010100001010011100111001101110110
0100000000000001010001100100011111000001110100001011100000100110
0100000000010000110111001000111000111100101011111110001011011110
0100000000000000110000101100000000100110110110010001011001110000
0100000000010000010001011101100111100000001100100000001000111010
0100000000000000111110111001000101100001101100000001010011011100
0100000000010001100111100101001000110110000011010000110100010001
0100000000000000110101000011010011001010010001101011110000010111
0100000000001100100010111011010100010110100101101000000101000101
0100000000000000010010010000000100101111100011111000111010110010
0100000000010010010110010000011011011100000101101000011001110111
0100000000000011011000000111011010011000001111010000111110010110
0100000000001001010111011010001010000100110100011110000001101111
0011111111111110100010001111100100111010001111110001001100101110
0100000000010000110000010000110011011111110100010100110110011101
0100000000000101101001001000100010010001111001101011110110010100
0100000000010000111010100110011110111001100010111101011110111011
0011111111111011001001111110000101111110110011001010111010010110
0100000000001111000000101011001011111011000011101011110000011100
0100000000001000100110100110001100111101110010011011101000000000
0100000000010001100011101011000101010000110011100001010111011100
0100000000000000011011010110101001100000001101010010101000110011
0100000000001011111101011100001001010110001100011001100001100001
0100000000000000010000110101011100110111001011000001011010000000
0100000000010010011000100010111011010000111101111100100000010101
0100000000000011111001010111011010100110111101100110000111101101
0100000000001001100110111100010001100111010111000101000101011111
0100000000000000000011000100011011110010111111100011111111111010
0100000000010000101101100001011110101000010011010100110110101010
0100000000000011110110110100111100110011001010001010100101000101
0100000000010000110010011001010111010010111110010000011000011011
0011111111111010101011010001110011000111101011100100011000110001
0100000000010000001101001110010000100101100100111010000010001010
0100000000001010100010011110010101011111100100011101101111100000
0100000000010001100100000101111000110001111011100100001010100010
0100000000000011111111111101011001011110011001111010101000101011
0100000000001101100010001010101111100000111101111100110011000011
0011111111111101010101111101101011011000010111000000000010100110
0100000000010010111100010101001100111000110101110111101011000010
0100000000001001101011110101110100011010110101010001101011010001
0100000000001100001110000001111010110000001101011000111100110010
0100000000000110000111101110100010111101000011110010011000000110
0100000000010000001011100101000001010110011011001111001101110101
0011111111111110000100111000101000001100011111111011001111001101
0100000000010001011010000011011101010001011011001001001101100111
0100000000000110001010001111111100110011011110101001011100100000
0100000000010000000000010000110100001011001110111100101010101111
0011111111111101101101000000001101000001011110011010101001110111
0100000000010001110000000111111010001110011101111010011110001110
0100000000000111011011000100001110101011101011010110010011000101
0100000000001111100010100111111001010101001100010111000100111100
0100000000000000010110000111111001111011111000001010111101010100
0100000000010001110001010001001001100011011111010110001001111100
0100000000000010111011001101001001001110010111110100000000110111
0100000000001101000101110110110000100010011111001101110110000101
0011111111111101101000100011001110001010100111101011011011101000
0100000000010010111100101111111000100001000010011101100011101110
0100000000001001011011111100010101110101000110110010101010000011
0100000000001011110110111001100000000101001000100100000001110111
0100000000000110010111101010101101101000100000101011011111011001
0100000000001111110110000100000000010000100000100011100001111111
0011111111111111100100000110100001001011101101101111110111000101
0100000000010001100101110111100000000011111001010000001100111101
0100000000000100011111000100110000011000011001100010010001010001
0100000000001110011110110010000101011100011110011001101001100110
0011111111111100100010100010101001110001110110110101110010101101
0100000000010010100010001101110000101001010000110101101101010011
0100000000001010100100001011111001100001110100011110100110110001
0100000000001110011100001011010010110000001011100011111100100011
0100000000000110101101101110000001100110111000010001000000110011
0100000000010000101011110011110101011010010011111010101101010111
0011111111111101010100011011011111111010111110011010010000000111
0100000000010000001111001011100111101110000110010100111000111111
0100000000000110000110110110000011001011101111111001111011010100
0100000000010001101011101111010100010001111110000010110000000010
0011111111111010001110011001011000110111010110111101110100010001
0100000000001001100100001010010110001011000001111111110101110100
0100000000000101011111011111111000010010011101111111000001000010
0100000000001110000011000100110010001100010100001101000001001100
0100000000000000100111110110100000111010101001000110000111011111
0100000000010010001010001110111010110011001101101000100111000111
0100000000000010000000000110001001100110100100011111111010101100
0100000000001001100001011001001010011110001111001101111001000010
0011111111111101110100010100001011110010000010101111011101011101
0100000000010001001001111100100000100111001000011001010101011000
0100000000000111101001001111001110101000000011001110001001110101
0100000000010000111000110011101011000010110001001110000000010100
0011111111111110100010000111001111111010011101001111111110100010
0100000000001111001110001011111010011011011000111101111010110101
0100000000000011101010111011000000101010001101001000000110100111
0100000000010001111110100111000101010110100000010101001001101000
0011111111111001111000011101110000001101110000010110100001101001
0100000000000111101010111000001111001000010001100010011101000100
0100000000000100010101001001011101001010001101101010100110100011
0100000000001011010000110110111000111011111010110011010010100010
0100000000000001001011001010011000101010100110001100001011110010
0100000000010001100000010110100110011100110000100011111011011111
0100000000000001010011010001111011101000111010001010011111101010
0100000000001101001101110001111000101011010111111101100000011100
0011111111111111011101000011110011101010011111100101101010101111
0100000000010010101001010011100101011101100101011101111110110111
0100000000000101100000110111111001110001110000110001001000100111
0100000000001001110000100001110101000100110010000001001001110111
0100000000000001010110100000000011000010111011011110011000101100
0100000000010000001101011111100101111000000110010101001111100010
0100000000000001000010101111001100000111101011000100001111111000
0100000000010001100101101110011101010111001001001010100010100000
0100000000000000100000000000110111010010111110000111001000101110
0100000000001100011111110110000011000011111010000100111100110000
0100000000000000001111111100101010010001011010010101111010100011
0100000000010010010101100001101111010110010001000000001001101010
0100000000000011011100001100100101101000100000011010000101110110
0100000000001001011110010101001000001011000100111110100101110100
0011111111111110110011110101000110100101001100111110111010001100
0100000000010000110000100110001001010010100000000011001110010010
0100000000000101001110101101100000011011001010000100101000111100
0100000000010000111000010001100000101100001111110101110011110111
0011111111111010001100000110001011110000110100101010101011101001
0100000000001111010110011001011100111111000110111100110001111111
0100000000001011000011111100000100010110010111101011011001001001
0100000000010001010010011110101010101101110110000001111110010101
0100000000000101110001000111111001011101111010000111110111100010
0100000000001111010100011010110000110001110000001110101010111001
0011111111111101011110101010000100010101101100011001101001101001
0100000000010010000000001011111001111110101110001010111110010010
0100000000001000000101010001110111001010111000111001111001011101
0100000000001111001110011111111110110010101010001001011110011111
0100000000000001011100010100010010001101010110001101101101111000
0100000000010001110110111110101000100101111000011011110000100110
0100000000000000000101110100001000010111111101000000010101100011
0100000000001010110110000110011011100000100010011101111010011010
0100000000000000101110000000110111011011100010010100111001010101
0100000000010001010111111001111010100011110111100111000100000000
0100000000000010011011100100101101110010101101001011110100001010
0100000000001110011110110010010100011010011111100000110010110100
0011111111111100110000010000000100001100011110011101101010110001
0100000000010010110010101000010001100110110000110111011110101110
0100000000001010011011001110000010111110111011100100111100111110
0100000000001101101010000100010100111101111011100010000011100111
0100000000000111000001011001100001010000000010111100010011100100
0100000000010000100110000100011001001000000100100001010000001001
0011111111111111001111111011100101010111011111101100101000011001
0100000000010000010111101110010011000010111111100111111001100000
0100000000000011101010011101110111110110111010101111011010011010
0100000000010001011101101110110011000011000111110001100101100101
0011111111111010100101001011110101111000101000111100100000001000
0100000000001011111101010011100111100101000010110111100101000110
0100000000000111001100110011100101000101010111001011001101111110
0100000000010000001011100011011001001101110010101111011100110010
0100000000000000110001110110000010101100010010010001110001111111
0100000000010001000111100100010011101011011011101011010011111110
0100000000000001000111010110110001001011010011011110010011001001
0100000000001111110100101010011001110011111010100111110011100100
0100000000000000010000011000011001010000011011000001010111100111
0100000000010001110110000100011011010000001100111000101011101001
0100000000000010101100011000100101101010110010001001100000111011
0100000000001100100101000101011100110011101010110000100011111010
0011111111111101001001111110111001101011110101011110100111111100
0100000000010010110111011111101011101110000010010100110011110010
0100000000001001110111001100011101001111000010011000001100111100
0100000000001100110101101010010111100001110010110111110010101111
0100000000000110100101000101100100010000010010110011001001001101
0100000000010000001001001111011100010000100011010001101010101000
0011111111111111000001100101010111101101110011100100011011001111
0100000000010001011110101011010100000010111110100011011000001000
0100000000000101001011101101001111000101100001111110010010001001
0100000000001111001100000000000010010001101000000111111110100111
0011111111111100001100111111001100001110000010101100000101110100
0100000000010010010010010001000101100010110110000100100101111011
0100000000001011010000011100110111111110101100100001000010001000
0100000000010000001000101111001100000110011101101011011100101001
0100000000000110100111110111111101001001100100001100000011101100
0100000000010000101111010011110100010010011111101111000011111100
0011111111111101101100100011110111111111110011110000100011100110
0100000000010000001111000111111011110111110001010011111111101010
0100000000000101011101110101101000000101100000001001100010000011
0100000000010001101100000001000001010110110000100101001111111011
0011111111111000101100000001001011111011011111100101110110000111
0100000000001001100111001011110101111111011010001001100101101110
0100000000000111011010110010100010110011001011101100100110001000
0100000000001100110000000110011001010111011101111110000001101011
01000000000000110