0011111111101101010011010111000110011001001000010100011110101110
0011111111111001110100101001000011000011101000000010110101010100
0100000000000100111110000010110000101100101100000110110110001011
0100000000000011111010100001011100100001110010101110100100111000
1011111111100010110001110000101001011111001101011000001010100001
0011111111110011100001001101100011100101100110001101111010000101
1011111111111010000001100010100111101010110001111101000010001111
0100000000000110010100001001111000110010000100101101111110101110
1100000000001010010111101100110011101101101010011100011111000011
0100000000010111101011001100111101101101111100101000110000101100
1100000000010110001101011001101110111101110110001111010100010011
0100000000011111110110101101100000110010111000000000111001100010
1100000000100001101001101001110010110011011010110011111110110100
0100000000000101111111000011000000100010001000001100011110110011
1100000000000101111000101000010001001101100000011011111000100111
0100000000010010110100110110011111111111001011110001001001111110
1100000000001010111010111100111111111010000001011101000101111000
0100000000011000011111000001111110111111110000010010110101001111
1100000000011110101111110110110010110010001100101100001010100101
0100000000011101011011111110010001000010110101011110100100000101
1100000000010011011100111100100001001101101001001111111000101100
0100000000010111011011001100000010110001111011101011110000100101
1100000000100010111001110110000100111000110010100111100001100010
0100000000010111111101001111101010111010000100100000101100010011
1011111111101010111101110100011000010011111001101100010110001110
0100000000000001100110010000001101111100010100010001001010000011
1100000000001110101111101100111011000101010000010100111001101011
0100000000010110001110001000000011100101101110100100111110100000
1100000000100001000100010010111100110110010010010011100001001010
0100000000011100001001011001010101000010010011001110001110101100
1100000000000100011101100000110110111100100001000100111001110101
0100000000010001010111111100111100111010111001010111011010110000
1100000000011110110011011001111010010110000000111101011010001110
0100000000010101000101111100100011010111101101001101000100000000
1100000000010011110001000001010100011000010111011110000010010110
0100000000100000010101101110010111010010011110000011110011000010
1100000000100000101000011111011010110110111110001100101001001001
0100000000000101000101011111000110110000100010101010000100011111
1100000000001010100010001100110010111011111011111110100011110000
0100000000010111101010010111001001010011100101011010111111111001
1100000000001100001110001011001010000110101101010001100000010011
0100000000011000000100001110101101010011001101111110000000101110
1100000000100010011101110110111011101100111110100000111001011010
0100000000010101110101010010000000010111110011111110011011100000
1011111111111110001100101010000001110001111001011000101111001111
0100000000001110000110001100101001110000000001001101100110110110
1100000000011000111101000001001000000110101001011110100010111100
0100000000100001011101011111101111011110100001100110101110011101
1100000000011010111000011110110001101010100101000111000000101111
0100000000000010101000110000011001101100101111101000110011011101
1100000000010000010010110011110001110010110101100011100001100110
0100000000011101010010110101000011110000001011001010101110010010
1100000000011001110111100011101001100110011001110001001100011000
0100000000010111101111101000101110101010001100011010100101000111
1100000000011110101000001101000010110000101111101001000100100100
0100000000100000110100101100100001100000010010010010110000001111
1100000000010000000101111111100001000010011000111001010101100100
0100000000001101111100101000110101101000011111111100011001010011
1100000000011100000110111111011000100000100011011101011000111100
0100000000011000011011111001010000101101110000111100000111100001
1100000000011001100101000010100001111101010011011101101001000010
0100000000100000010101111011110010111001100101010010100000100001
1100000000011100001011011101111101001111000100001110011011010100
0100000000001101100001011100100000101010100111110110010010101111
1100000000010110000010101001100111011011111101011010110111011110
0100000000100010110110011111011100100010101011100110000011000101
1100000000010011110111010011100110011010100010100101011010000001
0011111111111001001010100001100000001100111011101011110101100010
1100000000001001011100001000111000001011011110010010000100010010
0100000000010011111111100110110110011111011011110010010000100110
1100000000100000000010111101110110101111000010010110010011000101
0100000000011101101001000010110010111101001010000010001100001101
1100000000001101011001111101001100100010000100011110001010011111
0100000000010011111000010010110110101000101000000100001111110101
1100000000100001010000001001010111110000100011111100110100111011
0100000000010101100001101000111001000001001110110111010010011101
1100000000001001000010011110011010101010100110100011010101010110
0100000000010111101110101100111001111110100000110111011101111101
1100000000100001000010000101000111111111111001100011000110000110
0100000000011100000001010000000001100100011111111111000101111101
1100000000000100000111111111110010000010000010010100010110010110
0100000000010001000111101010011010011001001100100010000010011010
1100000000011110101101100010010000101011010101100110001111101010
0100000000010101111011010111101010110011001100111101111110000010
1100000000010100000100100110111110011010100101001100110111111111
0100000000100000011001001001000011011101110101110011000111011111
1100000000100001001000011010000101100101010001011111000110100100
0100000000000010010011010111100011101100011111111011001110010000
1100000000000111111000011110100011001100011100110010110110100100
0100000000010100000010110110010110000101010000001101001101010111
1100000000000101010001011001011111101010101110001000011111011111
0100000000010100001101010001111000111000111011110100100001110100
1100000000011110101011010101010110111110011011000101111000010111
0100000000100001001010000101101101010111010001000000000100110001
1100000000001110000111110010101100110100111011011000100110011110
0100000000001010111110010001101110010000001111010100001011000110
1100000000011000100100010110100011111100011110111000001011011110
0100000000010101001001101101110010100011111101110101001101011000
1100000000011101011100001100100110100101110100100100110110110101
0100000000100010100110000100111000101010110111100110101110011111
1100000000001111110001101001001001010011111100111111100010111010
0100000000000010010010010011100101000001011011101010110100011111
1100000000010000111101011101110010000110110001000101011000110000
0100000000010011100100001001010010011011000010001100100101101100
1100000000100000111001011101011101000100111000101111110100001011
0100000000011100001111010100000111010011100110011100010011110110
1100000000000101100011110001011110000111001110011100000100010100
0100000000010010000110111101010011100101011110100010111100001100
1100000000011111111110101110110011111011110000110111101111111010
0100000000010100000010101010111101001010110000011011111000111111
1100000000010000111110100111111101101011110010000010111010100011
0100000000011110010000000001010111000110101101100000010001110010
1100000000100000101000100101011111110100100101001111101000001010
0100000000010001100010100011011000010111111111111010010001011111
1100000000010000000000101000001110011101101010100000011000110011
0100000000011101010111110010100001000111001100000000111101101100
1100000000011011100100100010011001101110010101111101100111100110
0100000000010110111001000000011100100110110001010011101100011101
1100000000011011110101111010011011100010010101010101100000111100
0100000000100010000111010001100101111100000111011001101100111111
1100000000010101011100100011000111001101000110011111110011000010
0100000000000010000000110100100010010001010001101101100010111001
1100000000010001010110110100100100100101011010011110100110001000
0100000000011010110010111101011110010111111110100100000000011111
1100000000100000110101110101010101100001000111100100111111000001
0100000000010111110010101111010010110000100001001000000101001111
1100000000001011101110000101110110111101011001001100101001110101
0100000000011000100011110001110100111111001010100010011101100001
1100000000100010100100010110110110110001010111111000011110101010
0100000000010110001011010100101100111111111010001111101111101010
1011111111111001111100001111011110100111110000101010111101000010
0100000000001010101000010101000101001011101100100101010101111000
1100000000010101111010111101100001000000000001001101000000010111
0100000000011110111111010110110001100110110110001101110001000000
1100000000100000000101100000101110000111001011110111101010110110
0100000000010000110000001101001001100010011000101101100101100010
1100000000010010000110001110101110110011011010110010010111011010
0100000000100000011001100001100001110101011011100111110010101110
1100000000011000001110011100101000101110010100010011010100001111
0100000000001111100110111110011010011001001110011000100100011010
1100000000011010101111010010000000110111110011111100000100011100
0100000000100011010001111110011011100010011110111110000001011010
1100000000010001111000111000101101110111111011001110000011101101
0011111111110110010111010111110111000011101000001001111011011001
1100000000000111111111100000011100110010100110001000111110001110
0100000000010001111101000111101101000010010011010010010001001000
1100000000011110110100001010001011111001000101001011011100100001
0100000000011100001010000111000001110000000101111011100100100000
1100000000010011101010000010101101111011010110011110001101100111
0100000000011001010011011011001010111100011100110111100001100010
1100000000100011001010011000111001101000101010100010011110110001
0100000000010100111111111111010101101100110100110100010000001001
1011111111110000110111100111111001010000100111111100010000110001
0100000000000100100000010001000001111001101001011000001110101100
1100000000010001101001111111100101100000010001001110100101010100
0100000000011101000010111111010001011010111001010101110011010000
1100000000100000101110001001011111010101001110010011111000000101
0100000000010011001110011101010001110100001010110111011110111110
1100000000001111010010011100100010110011000111110111001100011111
0100000000011100010101111010111110010100101110011110000000101110
1100000000011110110110000000100010011110011001001101000111101110
0100000000010111011011101100010100111100110011110111111100001000
1100000000010100011100000011101011101000001011010100010011111010
0100000000011110110010111000101110101111110110110111010100100110
1100000000100001100011100101110110001101110011000111100100110010
0100000000001010100000111011111101110011110010100011110101000011
1100000000000111000011000011011100100011000001011001000111111000
0100000000010100011000111001001010010100000101000011010000001100
1100000000010001001001100110000011010100110100100111111111110011
0100000000011100110001101001101011011111100101110011000001011011
1100000000100001010101000011100101001010110001010110100001110110
0100000000010011011111100011111111011011000011111100010011011000
1100000000001001110011100000101011110001000010011010001001101010
0100000000010111110000000101000110101110011100101110001110111100
1100000000011110001110101101001111010010000111100011011111110010
0100000000100000001001100000001101111111100111011111100111100100
1100000000010010111110001111000100000100110111111011011001110111
0100000000010010001011000101101011000000101010000110100000100110
1100000000100000010110111000001111000101001001010001100011101110
0100000000011101011111011000010000110001000101100001111101101010
1100000000001010011111110000101110011000011101011011100010100111
0100000000010010011100000110000011111011000101110001101000101110
1100000000100000001101001010100010100100011000101010010110011111
0100000000010100110110101010111100101100111000110101111000101101
1100000000010000011101000111110110101101101011111000010111001111
0100000000011100111011100101101111100010110010110100110010011001
1100000000100000101001110110110001000001000011110100000011000000
0100000000010011011100000110000100011001101001000111011011110100
1100000000001111000000110010101001011001110000000001011011110001
0100000000011100010001100000000000100101011100000000011011111110
1100000000011111110001111000100101111010100001100000111001100000
0100000000010110100001111001111001100101000100000010001100111101
1100000000010010110100010000111100000000100000101100110001111000
0100000000011111010111100000011100001010001100110010100011111000
1100000000100001101111001010110110011100111001001000101010000101
0100000000000101010110111000010001100010000010110111110001011101
1100000000000110001001001000110101010000100001110011111101000011
0100000000010010011011101000010011011100110011110011110001101011
1100000000000111111110100111101001011111000001111011010110110010
0100000000010110010111011100100000100000000101110010010010011000
1100000000011101001000011000000101011010100001001111001001111000
0100000000100000001010101110110111110000001110100010100111101100
1100000000010100010000011001000001000111010110000101111100111001
0100000000010001110101011100000000101100101101010100111100101100
1100000000011111101011110011010000011011110111110110010111001100
0100000000011111111101111011011111000010111010110000101110110100
1100000000001010110111010111010011111001000110010110000000010111
0100000000010000000001000000010010100101111111011011000010111010
1100000000011101100101001100011000010001100010101101010011101010
0100000000010011111011101000000000100000100101000101000110010001
1100000000010101001100011011011010011011100010001011011000111010
0100000000100001001100011011001100100111100111110110110111001110
1100000000011100110000000101000100111111010101100011011001101101
0100000000000010100100100111110111101111000001001101001000011000
1100000000010000001100000100001001010100010100100011111110011101
0100000000011101010101000011001001001100010001011101010101110100
1100000000010011100011000001111001001001011011100010100001000101
0100000000010101101001010000101111101100000001010001101010111100
1100000000100001111100101000001110010100100110111110111100001010
0100000000011100010000101011110011010000111000111110011101000100
1011111111110111110010100100001000111010100001011110110110001011
0100000000000111011001101010011101111101111100100111111111001010
1100000000010100001100010000010111000010111101010110101110001011
0100000000010011100101010000100000010100001110100110110100111000
1100000000011111011001011010010001001111111011001101101001000111
0100000000100000110111001110111110011000000110101110011000000110
1100000000001100111101100000010001010110010000001010101001101101
0100000000001101110011111101010011011010011001111011110011100000
1100000000011011101010001110110011110001110101111100110110100111
0100000000010100111001011111010101100001010000101111110011111111
1100000000011001101100100100000001000010100101111110010100111000
0100000000100010100011110100010110001111010010011000111110010100
1100000000010110011010101101000111101100000011000010010000100010
0011111111111010110001111100001110010000011101000011110100010111
1100000000001011010110010111001111100100011001011000011010100011
0100000000010110111011010011000110011000110001000100111111100000
1100000000100000010000111101001000001110110001000001000101100101
0100000000011111111011001110001010010011110011010100000111001000
1100000000001010100010110110001001000111110001000101000000111000
0100000000010000100000110101111000100010100101111000010010111110
1100000000011110000101101010011110111001100100001000100011010101
0100000000010011011100011001011010111011001010001101011110110001
1100000000010101010011111011010001000110011101101001100011001011
0100000000100001101001011111010100010000110111010101011010011101
1100000000011010011000100111101100000000101011111101010000010111
0100000000000000101111011100001110110100010001101101010001011011
1100000000001111101111101000000101010011011000011000001100111100
0100000000011100000001100100001110100010101101000010000011011101
1100000000011001011110010010000111100110001111001011111100000011
0100000000011001000101001101010100100111110111100100000011000110
1100000000011110111000100110011111001011011100110011111101110101
0100000000011111010010000000011011011110100100110100011111000100
1100000000010010001001110000000010001100101001001110010001100111
0100000000010011000100101100001100000010001011111100010100100111
1100000000100000101100110100000000010001111011011011110101011011
0100000000011011100011101110000110010110111100011100011010010110
1100000000001001100100111100000100010101100110110111101100010101
0100000000010100110010100111001000100110100100000111100011010110
1100000000100010001001001001110100110110101111110011011000111001
0100000000010100101011011100011000001100010000001010011100010010
1100000000000000111011001011000010010000010101110011010011011011
0100000000010000100110111100110111001001101101011000000000011101
1100000000011001001001011001011111010110100110100011100111001101
0100000000100001001000110001101111000010110111010000010111101110
1100000000011010010100101001110001011001000100111111110000000101
0100000000000111010010010101111101101011001100100110010110000001
1100000000010100011000110100011001000111100110010110011101101001
0100000000100001100111000000111010111111000001000010001010010110
1100000000010110101100000011110001101001110110111110111110010000
0100000000000100011111111111101001001011010110001111010100111000
1100000000010011011001110111000101000101101100110111011000101000
0100000000011111010110010101000111000011110100100000010110000111
1100000000100000000110100110111000011001001011001110010111010001
0100000000001101010000100010010000011111000010001010110100101001
1100000000010000110110000100011101110001000101111110001010000101
0100000000011110001111001111110000000010000011110100110010101001
1100000000010100101100110010111010010000101100100001001000010001
0100000000010100111001010011010010100001110011111100101110101010
1100000000100001010011000011101001110101010000111011110110100011
0100000000011110110011100101101111011110100000111011100111000001
1011111111111001110011111101100100011110001011101001011011011110
0100000000000111000111010110000000100101110010000011000111111111
1100000000010100001101110100100011010000111010010010010000000011
0100000000001101000001111001010110100111011010000000101010000111
1100000000011010011000011010001100110001101100110111110101111001
0100000000100001110011110011110110011010011100100101011100100011
1100000000010111101111101000000110011001000101000101101011100110
0100000000000010100010100110000010101001101101101100011110111110
1100000000010010000110111000110110010000111001110010100100110100
0100000000011110000000111101101111100001011011010111101111101110
1100000000011101010110000001100000000011101110111111011011001010
0100000000010011011011110111110011010100010010001011010000001001
1100000000010110011011100100101010001001100000110100001000110111
0100000000100001111000100110100001110000101100100111101001111111
1100000000011001101100111011100000001111111110110011110110000110
0011111111111110100110100110011011000001101111011100001000110101
1100000000001110010101111010100111010111111011011100000001101111
0100000000011010010000011001011001111101010100011001010111111111
1100000000011010001011110100101100000100011110000100001100001001
0100000000011100011100100000100111111000110011001011110101001100
1100000000011101101110001100000010010000100000111111110011111110
0100000000011000110001110110111001000010110011111110110110101001
1100000000010111001010110010001001111010010101001101100000100010
0100000000011111011001101010000010011000001100011010001110101011
1100000000100001000101000111101110110010111010011101000011111001
0100000000001011010100010000010000111010110111010110110010001011
1100000000001010000011001111100000111100110111010101111001110100
0100000000010111111010111100000101111011100101010100010011000101
1100000000010011001100110110001101011100110010101011010110110010
0100000000011100101100000011110000110000101000001111101111100000
1100000000100011001010011010001101101110100000100111110000000110
0100000000001111010111101100110101101010111011101110010100011100
1011111111111010000010011100100011010110100010001100110110000110
0100000000001000101000011010111110100001000010011100010010110111
1100000000010000000000100010111001111000100010000011100011110110
0100000000011101010001100101111001010010110111000101011010001110
1100000000011010000000101001011110110110111001010110110000010101
0100000000010111100010100011100101000100010111010100001001110111
1100000000011110101100010110000000001011100001010110111010110111
0100000000100001000100111010000101010110011100001011101101000000
1100000000001110000100100101001100001110111010100110100100010111
0100000000001011101110000101011110011110010110010110001101000111
1100000000011001010011010110101110011000110111011110100000001000
0100000000010100101111101001100111110100000110001100001011111110
1100000000011011110110000110111000010010011001100110110111101110
0100000000100010011011110001100011000111000001110001011101110001
1100000000010011001001110101101110100110111000001000011010001001
0100000000000000111000111001011010110000100011100111101010100101
1100000000010000111110101110010111101110101111010111000111000000
0100000000011000001000000000111000100101101111000100010010100010
1100000000100001011101111111011001011000010011010001000100001010
0100000000011010000110100110110000111011111110001101111100101000
1100000000000011000011101101100000110110110011100100000001001000
0100000000010001110001110101100100110110000101011110000100100110
1100000000011110110100000010001110000100100010101111001001001000
0100000000011001010011100000010111111000011010001100010000010101
1100000000010100001100000100000100011010100101001101010000001001
0100000000011101101110101101111110111101010011010100011110011101
1100000000100011000111101101001011011001001101110000001010011100
0100000000001000100001110000001001101111100000100100111100101100
1011111111111101110101001101100000000111100110010010011001001001
0100000000001000111111010001011011010011010001101111001110001011
1100000000000110000000100101001010011100001000100010011101001000
0100000000010011110001111101101010101110100000101010111101010011
1100000000010100010001000001110110000000100110101011011111100110
0100000000100000010000001111101011010010000001011111100101001110
1100000000100000001010101011110110000100111010111000110100111011
0100000000000110000000010010000111110101110000101010110000101001
1100000000001011101001000110101010111000111011011011000100010101
0100000000011001000110100100101000001001010101111110110000011111
1100000000010001110010010100001001000101011110011110101001111000
0100000000011011000100001110100010010100010111100010001111000101
1100000000100011101100010000101111101111110110110101101000101110
0100000000010000101001100101000101010111011010100101011010000110
1011111111110001000101010001010001110011100110010011001110100110
0100000000000001110000011000011101100110000111000011011110101000
1100000000001010001001111100000011010101000001100000100100001100
0100000000010111100111011110111110010010000011110011011010000111
1100000000011001010010101011110001011011110010110011110011000011
0100000000100000011001111000110111110000100101111110110010101100
1100000000011100111000100111010111000001011111000111101100101111
0100000000001011001001011011011111110101001000110101100100011010
1100000000010011110010000110010011101111001101101101100001100100
0100000000100001001100001011001010101000010101000110100110011101
1100000000010100100011001100110111001100111111000111010101100000
0100000000001010100011010110000101111010001110011100011010001100
1100000000011000010010010100010001100100110111001101101110101111
0100000000011111000110010111010111010100110110000010111101101100
1100000000011101010110101011010111010101111111010010100000100101
0100000000010010001011110001011011001000110000100110110111010010
1100000000010110101000010011100101001010100111001110100110001100
0100000000100010101100110101101101010100110000101010011111001000
1100000000010110101000000100000011101111000010110010110111100000
0011111111110110001101101101011001101110010000111100010100101100
1100000000000111110000001000100110111000101000101010101111011111
0100000000010100001001010001110100111100011010101101110101000000
1100000000011101101010111001011100000111110001011000110110011010
0100000000100001011001011110001000010110100111100110001100010011
1100000000010001011101011110100000101101101110101100000010100000
0100000000001000111000110110010110010100010101000010101111001100
1100000000010111100000111111011010111100111001110110000100101011
0100000000011010000011011110010001110010011000110011111111111101
1100000000011111100100111111010111110001111111110100011010101001
0100000000011011110100001000100011101011101010111011010010000111
1100000000010001011110100001110011111010001000011101111110110110
0100000000010111100010111110111111010100101001111101110001001010
1100000000100010110011110110010001111100000000100010101100111010
0100000000010110101001001000101011101011000010011101000110001011
1011111111110011000101101011100111111000110001101101001010101010
0100000000000100111000110101101100000110000110110100101011010110
1100000000010001101001110111111010011101011111100000110011110011
0100000000011011000100111011111001000010011101011011111011100110
1100000000100010001000011010000111101110110110100011001010100111
0100000000010100111011011111101011111010000101010010100111011000
1100000000000001011000001010111011110011100110011111011011000011
0100000000010000110111001010101100101011111011010011111101000011
1100000000011001111011000001010100110111001111101101111000111111
0100000000100001011010111111100000110101111100000001000001101101
1100000000011000000111001011110011101001110110100010011001110010
0100000000000101001001111001110111100001101100100011101111100110
1100000000010011010110100100010100000000010001110100101010100101
0100000000100000001110111111000000010011101101111001010111110001
1100000000011101001111010000101000011011010101110100110100101100
0100000000001010111001101100110000000001001001010010100101101111
1100000000010011110101001011101100101111000010110101011010110101
0100000000100001010011110010001001110011010110011101110010010110
1100000000010010110001111101110010001001100000010001110000000111
0100000000001001100110100010000011110110101100011001110111010110
1100000000011000001100100101101110110111000111100100001101000001
0100000000011100100000010001101001101111010001111010000101110111
1100000000011111001000101001110001010111100001100100110111111000
0100000000011000000110001111101110001011110000100011011110010101
1100000000010100000001101000100001111101111111100111111110100100
0100000000011110000110111010100001010000010011000110011101001100
1100000000100001111110101100000100101001100110010101111001010110
0100000000001010111101011010000110111000010100100000100000010111
1100000000000110010100101010101110011110111111011010111000110110
0100000000010011100111101000101000010110001001011101000101000001
1100000000001111010011010110111111101000010100101000010111110101
0100000000011011111010111010111010010110001000000110000100101100
1100000000100001011110011010010000011010100001101000011100111000
0100000000010100101001100111111010001101111001101000011111101011
1100000000000111111010100100011001111110100101100100011001101011
0100000000010110100100101100110000111101000111110111000000111011
1100000000011110111101100110001101000100011010101101111010101100
0100000000011111110001011001101011111000011010100100100000110010
1100000000010001010001111000110011000100110100111110101101111101
0100000000010010000011000001001111100110100100100111111011010000
1100000000011111111101111110000011010011110000111110110101100110
0100000000011010110101100001011001101101000001110001000000010110
1100000000010001011011100011010110111010010000000111111011110101
0100000000011001111010001010100000010010101000111011101001110000
1100000000100011111100011100000010100100110101011000010011110001
0100000000010001000110111010000011011010100110110101110011011111
1011111111100111110010000010111111000010000100000001010000011000
0011111111111010111101111111100000011001011001100111100011011100
1100000000000100011000101111100001111011011010010001100011010001
0100000000010010101011010010001101100000101101001000001101111111
1100000000010110111111010100001100101010001010110111100100001011
0100000000100001100110010111011110010000001110001101110010100111
1100000000011011110000011000010110111110111001111000111000011011
0100000000000000011110011000011100011000110010001011010000010110
1100000000001110000010101101010101000111010100011010111011101000
0100000000011010010111001000011011110110000100100000100010010001
1100000000010110110111101000111010110111000001110000000001011110
0100000000011100010100111001101101000100010000101111111000001000
1100000000100001111011110000000101111101001011011100111101010111
0100000000010100100011000010010001011100110001100111011110111000
1100000000000011100100101001011010100011010100111011000010111110
0100000000010010101010000000001011111001001000110000110100101111
1100000000011011100010100111000100101010111101000101110110101011
0100000000100001011010010010010111011001111011110011110110100111
1100000000010101110111000011011101001000111001111010001100110010
0100000000001001101111110101100110010010110101000001100011111001
1100000000010111011010000100110110011110000010000110100011110100
0100000000100000011011001100000100110001101000000001111001000101
1100000000011101100001001010111000001001000110110111110000000100
0100000000001010001100000111101111101100111101010101110101100010
1100000000010010110101001111010011111000110011000011100000100010
0100000000100000101101111001000100011010110011010010111111010100
1100000000010011011000010010100100001110110001101110110010001010
0100000000001100010001111111110100110110110110011000100101010010
1100000000011001101010111101111011000111111011011001100000111010
0100000000011111000100001000101000101011010101010111100001010000
1100000000011100110110111011101111100101100011010110100000001011
0100000000010010110010101100001100001101011010010010011010111010
1100000000010111001101000111101111010111100110100101101101010000
0100000000100010010110111111110001011111000101001110001011110010
1100000000010111111001011111011111100000010100010110100110101110
0011111111111011100011101010110111110000100100100100000101010001
1100000000001011100101101010100100010111000001011111001000111000
0100000000010111110100111101000010001101001011101010100100001111
1100000000011110100101010011011001101100011001001101010011001101
0100000000011111111111100011001001000010011011100111000111111101
1100000000010010000010011101010110000101111100011100100101001000
0100000000010010001000111000000111010010110011011010010110101001
1100000000100000001001110010101101100001011000011010100110110000
0100000000011011011100000000101110101111001011010001101011010100
1100000000001111111001010100111000111000001001000111111000000110
0100000000010111101100101011101100101001101000101010001001000110
1100000000100011011101010110110010110100100011111110000110101000
0100000000010011010111010111001110011101011011110110011001100111
1011111111101111111111110111111000101010000101110100110110011110
0100000000000001010100111100001110100110000011011110111010110010
1100000000001100100010010001000010110100110000111110100001101001
0100000000011001100000011011010110101000111001010000001101100011
1100000000011110101110101100110000010111101010100110001101001010
0100000000011100111010001010100010101100110001011001101101000010
1100000000010011100011001001111100101100000101001000000110111110
0100000000011000011110110000011010111100000111000001000000010111
1100000000100011010001001000100011000111101011100000000010010011
0100000000010101110111100001111110111000011101110000110000111110
1011111111101000010010111001010101111010001000100011101010000110
0100000000000000001100100100010110101100101001100110001010011001
1100000000001011001011110111111101011110100000100101110111110111
0100000000010110110110110100001111110000110101010101011000011110
1100000000100001001101011010000101000111001001101011010011101001
0100000000011101001100000001011011110010111111100110011011101010
1100000000000001100101111010100011100101000111011111100111010100
0100000000001110110010111111001111000010001001111001000111111011
1100000000011011000011100110101101010101110011011100111110000001
0100000000010001111111100101010011101011010110100101100100001100
1100000000011000110000110111001011110110101001001110001100111011
0100000000100011001111010110010111101001110000011101011101010110
1100000000010011001111100101111000100000101010001101110001001001
0011111111110101011111011101010111110110001101000000101101110011
1100000000000111101001001010101101001111001110001011111011001100
0100000000010010011010110101011000011001110100010011100011000011
1100000000011111011001000100111101110111000111110101011110010101
0100000000011111000101001010001011110111110010100100100111001110
1100000000010000000110000100011100001001100100010111011000111011
0100000000010010101111110110010000011110101100011100101011000010
1100000000100000101001110111111111010110000000111011001100110001
0100000000010111000100110000111010010000001011111000111011010110
1100000000001100101110101110000000000001011111110010011000011011
0100000000011001001011011011000100111010100010001011101010010010
1100000000100001110010111011011100010101100001001110101111001110
0100000000010111101000101010101011010101010010111111101011001110
1100000000000100011011010010111001101010100010101100101100001100
0100000000010011000011110101110010011110011011100100001110010110
1100000000011111010011000101001001001000011011101001011110100000
0100000000011111110101101100011111110111110011000111000111000110
1100000000010000010010110010011100000101110000001100010101011010
0100000000010001100000101111001011011000101100010110000011000001
1100000000100000000001000010111000010111000110011011001110110010
0100000000011001111010100100010100100011010101001100011100000010
1100000000010001011010001000000000011011000000001100110011111011
0100000000011010110011101111000000101011100011100011111111011000
1100000000100011110110000110110100000001010101010101001001100101
0100000000010000101110110101011011011000100001101101111001101101
1011111111101100100100001000001111110111010110100010110011001001
0011111111111110010101010110110100011011011010100110011001100101
1100000000000101010001110101001101110001011111001000111111111110
0100000000010011010000111110111100011010110111101100010110101111
1100000000010110111010001110101001010010000001011101111101111111
0100000000100001100010111110011011111110110011000010011010110101
1100000000011101011011100010000010111010100011010111000101110101
0011111111111101011011111011101001000111110010001110100101010100
1100000000001001110101001101111011110111100011010000101111001110
0100000000010111010110111101000000111100000110101011001010110011
1100000000010011001010001110111110111100001011000100011000010001
0100000000011100101110101001110101100001100010001001001011100101
1100000000100010110000010110101001101110010001101101010101100010
0100000000010001000110001101100110000000010000111111111101111101
1100000000000001000001000111100111101100001111101000000011111110
0100000000010000100010100001101000000110110000110001011111111011
1100000000010100110100001100000100111001010010010011110101100011
0100000000100001010101011111101011011100110010100110100100101100
1100000000011011101100011000001010010000001000111001001001010010
0100000000000001101000001000101011111001110110110111111000010111
1100000000010000000001100000100100000010010100010101010101000111
0100000000011100101110010101001110010010000111010010010000000110
1100000000010110001101100000100010101101111010110010000100000010
0100000000010111010010010101111001101110110110000111011001010000
1100000000100001011011011011000001011000100011111100001110001111
0100000000011110011010001100110100110010010000101010110000100001
1011111111111100010110111110100110101011001000111010010110010111
0100000000001001101111111011110100100111010010110111111011010000
1100000000010110000110010110100111000110011011010110100010101011
0100000000001111010100101010001101100001111001000001011100011011
1100000000011010011110111100010001001101111011010001001011010100
0100000000100010001011111001000110111000000100000100110010000000
1100000000010101100010110010101111100000111011101011011010101111
0100000000000000101011011001111000111111001000001000100001000010
1100000000010000010100010000101100111101010111011110101011001001
0100000000011010011101111100001110101000111010001110110111100101
1100000000100001011011010000101110001100101101001100111001111000
0100000000010111101101001000110100010100111110111010110010110101
1100000000000101111010111100110010111100011100010100111001000111
0100000000010011111001011110110101111101110000001111001011111000
1100000000100000000000101011110011011100011000000100100110010111
0100000000011101000111110110010011000110011000001011100010001110
1100000000001110010111010111011001111010101110011100111000111001
0100000000010100100101001001111111100001101001000001100010111000
1100000000100001111001001111011010001111011101111001001011111100
0100000000010110100010101000100111100001110100110110100010111100
1100000000000010111010101110100001101111101011000011000110110000
0100000000010010111100101111100000000000010110101111001001111010
1100000000011110010000001010101010101011001010011101011110001001
0100000000100000001100111101000100011000101001001101101110010011
1100000000010010001010000011101011001001101101001001101010101001
0100000000010001110110011000100101001011010000111101110011000011
1100000000011111100111001101110101010000001001011110100010000011
0100000000011011010001000011111101000011110010000110001000110001
1100000000010001011101110100110110010011000101110101010001000110
0100000000011000100010111000111001111011011011101010001101101111
1100000000100011010011101100110111101111101001101100011000110100
0100000000010100010011100001101010000111011111000000101100001000
1011111111101011011101010111101011100100110001000010110011001111
0100000000000000101100010111110010110010100110010010100111010000
1100000000001011010000011010000000000111110010011010101001010011
0100000000010111110101110100100010100000100100010101100100001011
1100000000100000010010110001001101100100111100001001011000011100
0100000000011101111011100101110010010011010000111111000011100001
1100000000001011100111100110110111010000000111000001110110100110
0100000000010010110111000110010101010100000010101100010001100011
1100000000100001000010101100110101010111101101111101010000100000
0100000000010100101110010011010100101010001000111010110010111111
1100000000001011011110010000111001000011110111011010011110101100
0100000000011001110010000010100001010110100001010000011110000010
1100000000100000100000101101010101001101011110101001000111110100
0100000000011010101111111010111010101001110000111100000000001000
1100000000001110011111111101110000110001001111110110001011011000
0100000000011000000000011010000010100011000111000011000101000001
1100000000100011000111001011101010011011110110101001101010100011
0100000000010010001111101110111010100101110100000100011110111111
1011111111110110000100000101111101101001000111110100000001011110
0100000000000110100111100101110101000001100010111001000110111010
1100000000010000101010010111110001010010111000001011111110011111
0100000000011101011101100100101111101111101000010010000000001001
1100000000011101101111100110111110011110101111011001111010100101
0100000000010100001100010100011100000111001011001110010100101110
1100000000010110100101010000000000111011011110010111111110111010
0100000000100010001000010000000100101110000010111001010110100001
1100000000011010011100000011101101100010110101110001010101001010
0011111111111001001000001110101011110110100000011011010000011101
1100000000001000111101101001000010011101010001000100010100111110
0100000000010110010101100011011011010110111011000010010011011110
1100000000011000110101101100100100001110011001001001100110000100
0100000000100000111100111111101110000001100011001001110100110010
1100000000011110000100010010011010110110001010001110110110011010
0100000000000100011010110111110101000100111000100001100010001010
1100000000001111111011111001011010101011000010100010100101101110
0100000000011101000001111110100011110011110101010101100111000011
1100000000010001101010101001100001111111001000101011100100101110
0100000000010101111000111110010000010101000111001011110011100110
1100000000100010010110110111000110011111011101001110000111010100
0100000000010101110111101010000010110110001111100010101001100111
1011111111111101110011000010010100101111001011100110000001111000
0100000000001101110000001010010110100011100011110010101111110100
1100000000011000101111111110111000011100010010011000011100100101
0100000000100001011100111111110010000000111100110101100101010110
1100000000011010110100001110110011010001011001000001100011001101
0100000000000010001100111111100100000000010001000110111010111000
1100000000010000000100001110100101110111011110100000000100111011
0100000000011100111110001101010110101100010101001110010111101101
1100000000011001111110111001001111011011110101000111101001011111
0100000000011000001010100011100001100101011001110000101100100000
1100000000011110100111101101011110001001100001001101101101000110
0100000000100000101110000100001010010000010101011110010000101011
1100000000010000101001000110111011101000011010010001001111110000
0100000000001110110110011110000010111010010111101110011111111111
1100000000011011111111111111111001100110101011000110101110101010
0100000000011000111010011111111101110101110111000000100010111111
1100000000011010001100011010011001001110001001101000001110100101
0100000000100000001000000100100100110010110010111001110000011100
1100000000011011111011100100110000100101000011111010000101011100
0100000000010000111011001110100110000001011100101010000101101100
1100000000011000000001101110111111100101100000010000100000111011
0100000000100011100101011010010110011100001111010011101100010010
1100000000010010111110000110011110110111110000111010110111110001
0011111111101100000100101010011011111111001100001111100001111001
1100000000000001010101010111001010001100110111000000000001010010
0100000000001011110000100101100100001001000101010011010110110100
1100000000011000111010010000101010010101100001101111110101010110
0100000000011110100010010100011000001101000010101000011110100000
1100000000011110010101111000010011010100000000110000110011110100
0100000000010011001011110100101100111001011100011001110000001000
1100000000010100110110100010001010111100010110101100100100100111
0100000000100001010100101101100011101100110100001110110110101010
1100000000011011010101110110110010100101010010000101110100001011
0100000000000001111110100010100101101111110101011111001101101100
1100000000010000100011010000011100111010000111110110110011100101
0100000000011101110101010100001010110010101001010010101101000110
1100000000010111010100101010000001011101001011110101011010100101
0100000000010110011111110101000111000110000101001010110111000110
1100000000100000110101101110100110100110010100100001101110110101
0100000000100000100101010111011110010111100100010010110100110010
1100000000000000010110000100111011010110001100110010100000100011
0100000000001000010100101001011101011011011001101011011000000001
1100000000010100010010010001001101010011001101010000001110111011
0100000000000111011111001001111000101011000101001000010100110111
1100000000010101111111110101110011010110100100000101100000011011
0100000000011111110011111110011001111111100001110101110001111000
1100000000100000000000000100001001010010010111110011100000001110
0100000000001100000010000000100011100011111011011010010111101101
1100000000010000111011111111001111001001110011000010010111111010
0100000000011110110001011111000000101101101000110001101010011010
1100000000010011100101111010011010100000000000101110101010100100
0100000000010011110100100110110001011110110011101001011000111010
1100000000100000110101010010100000101011001100010000111001100011
0100000000011100111000001101100111101100100111101101000110010011
1100000000000110000011000111000110000111110111001011010101001010
0100000000010010000100101111100001110101101111100111010100110111
1100000000100000010100010000101001110101101011001111110011001001
0100000000010011001000000001011000011001101111100111101010101100
1100000000010000100100101101111011101000110000101110100011101110
0100000000011101111000011110110010000010111000110000000010010111
1100000000011101010100110001001110010111101000001101011000010100
0100000000010011100001001010101011100100011001111010001110000101
1100000000010110011011000101111001111000110100110011000101110011
0100000000100001110111011011100100010100000101100110011000111101
1100000000011001111111110001101000100000100110110000011111001011
0011111111111110011100100010010010111010011100000110001001010101
1100000000001110110100011000100001100000100010010101011001000001
0100000000011010110001100001001010010011110110001111110011111001
1100000000011001000010101110111110110001111111000010100110000100
0100000000011011011000100000101111011000111100000000110111101001
1100000000100000001000110101100111111010010000100111100101001000
0100000000011010010010100110111010000011111010110001001110000000
1100000000010001000011011010001100101000000010001111011100001000
0100000000011001111111110110010001000000101000000111100100111001
1100000000100011110010000011001111011110000100010010000001101010
0100000000010000100100011010011110000010111100001111110110101011
1011111111101101001010000001111011000000010111100010100111001111
0011111111111110010110111100100011001100111000011000111001010101
1100000000000101001100011001111101010000100011010100011001100010
0100000000010011001101110111101100000110000101000110001100001000
1100000000010110101000100000000011111000101111101011011101101101
0100000000100001011011001110110111000011011101000000110000010101
1100000000011110000110110011001001011100101000100111011011001000
0011111111111111011100001001001001101000011111100010010011100011
1100000000001011111000100100001000110011101010010110011101001011
0100000000011000110100001100011101000100111100011000111110101101
1100000000010001010100111100011001000101011001011001111000100100
0100000000011010100100010001000000001110000011000010111001100010
1100000000100011011010011111101000011000111000000010000100001110
0100000000010010000001101110101111000001110111001100101101111110
1011111111110100100011000101101001100010111011101100111010110000
0100000000000110000011101011101111011001010000010010111001111101
1100000000001111110010011010100011100000100110000110101011010100
0100000000011100001010111000101101101001111001011101100001110101
1100000000011110000111010100001100010010101011010101110110011010
0100000000011000111000101010001101011000100010011101110000101010
1100000000010111000000000110000101101100011001110110100101001101
0100000000011111111010100101010011111000110100000101110010001101
1100000000100000111110110110111000100001100110011101111011111111
0100000000000111011110110010110001111010110000001101101001111001
1100000000001001000100101100010110011100111011101110011100101010
0100000000010110100101100011001001100010101111110000001111001101
1100000000010000011101010110011001110011010010001011111100100111
0100000000011011110100110011011111000001001100010000100111001011
1100000000100011001101101000001100000110101101001011111000001010
0100000000010001001011110010101001101000111111000100011001011010
1011111111110111101101001010010010000110111100101110110011011110
0100000000001000111000000001001010001101110011100111110100110100
1100000000010001101001111101100001000101001110011010101001111110
0100000000011110100100110100011111010001101101001011110110010010
1100000000011100000111111011001000101011011001110100101011111100
0100000000010011010101001001101000110101001101000110000000101100
1100000000011000011111011011100110001011010111100110011110101010
0100000000100010111100000000101011011110111001111000000000000011
1100000000010110111000001100110110010011001001010111101111101001
0011111111110011000011111111011000010111010111111001011001011101
1100000000000110011011110010011000111000010011001100000110011010
0100000000010011010110000001110011010101000000000000101010111101
1100000000011100010100100110111001110111011010100100000101000001
0100000000100001011100100111011101111111100101001101010000010101
1100000000010011001000011111010010000110100011010110111000001100
0100000000001001010010010101100000011101100010011000110100000111
1100000000010111011011001000100000000000001000100001011000000101
0100000000011100001001001100011100111111110111011000010101010010
1100000000100000000000010001001000010011010000110101001010111001
0100000000010111111111100110001110101011111111100010111111000111
1100000000010010000111010010111001001101011001000001010001001111
0100000000011100011100001011111110110011111001100001010110000001
1100000000100010101110110000101111110011100011101000100011111110
0100000000010001010100101100011000010101000111010111100001111111
1100000000000000111110100000101011000101101010010011110100101011
0100000000010000010110101000011111111000010110001011100101001010
1100000000010100111100000001010100111011010010100011101101111011
0100000000100001010101110001111010011010011000101100000011110010
1100000000011011011101100001010101010100111010011110101110111011
0100000000000001110000111010100011111101110001110000001000110011
1100000000010000011110100001111000000111011101101110101110101010
0100000000011101100110111110101110111100100110001011101100010100
1100000000010110110110100001000111101100011111111000110010011101
0100000000010110100100101101010001110010001110111011101011101100
1100000000100000100100000010101101001011111011000110011110001110
0100000000011111111101011000100110111110001110110111111110010001
1100000000000100111101011100011111110111010101011000100111001011
0100000000001101011110101100110101110111110110111011011010001101
1100000000011010100000100010111101011100000011101101101011111010
0100000000001110100101110100001101100110101110111000010110110011
1100000000010110111000001001000100001011010101001001101100100011
0100000000100010100010111000011111001111001110110111101001100001
1100000000010100101000100010010101101000000100111110011111001000
0011111111111011011110011111010010111100100111001110100010001011
1100000000001101100000000110100001010100001111101010011001100100
0100000000010111000001001110110000101001110010110100100000110111
1100000000100000110101101000101001110010011111000001110011111111
0100000000011101111011001101110010101001000011110100100100111011
1100000000000110011000110111101010011001101101100011101110010101
0100000000010000100100001101000110100111011000010010000111011010
1100000000011110001011100110100100110000111011000001010100001111
0100000000010100100000011010110100001010010010011110001110001010
1100000000010101011001000100100000001001100100110100001101110001
0100000000100001011100010000001011110110010111110110110001100111
1100000000011100111111110001111110000111010110000100000101000011
0100000000000000101101110110101000010010010010001010101100011101
1100000000001101100101100000010010000100010111000010011100100010
0100000000011001111011100011000100101111001010110001011111000000
1100000000010011011110100011001010000100010110011100111000000100
0100000000011010101100000101110110000111010001001001000101010000
1100000000100010110001110111001110101110011001110010111100100000
0100000000010010111101100010111111101001001100010100110100011010
1011111111111100100001111110000111111000110001010101100110001110
0100000000001100100111001001000000111111100111011110110100111101
1100000000010100101010001011000000000100010000001011011011001000
0100000000100000101001000110000010110101110010101000010111110110
1100000000011100110011110101010001111011010111000101111100000011
0100000000000110101101001011100011111010001101111111100000011001
1100000000010001111001111100100110010101011110000110010010100011
0100000000011111110111111101111000011000101011000100101100100001
1100000000010100001110111110110111110110111011100010001100011111
0100000000010010011001011110000110111011010110011000000000101110
1100000000100000001100001101001110010111010100001110001111000001
0100000000100000000001000001010100001101010001010111010000110101
1100000000001001100000000000111011101101100100001000110111101011
0100000000010000000100101000001110000111001111101100000011011101
1100000000011100101110111011111111100111000011010010000100010100
0100000000010001111010000100011011001001100110000111001101000101
1100000000010110011000101100101000101001100001100100111010101011
0100000000100010110101010010010001101111010011001001101000110011
1100000000010110011110001001100111110110111000101001001010111001
0011111111110011111100110110000111111001110000011000111110110101
1100000000000101100011010001001001100111001001001101111011101111
0100000000010010000111010110011000011111100001100101000100111100
1100000000011100010011011000011011010110111000011011000110110100
0100000000100001111011001111101100111111101010110111000000100010
1100000000010010101101011001101111101101111111010111010100010110
0100000000000101111110000001101110111000100000100010100111111111
1100000000010100110111111010100010111000010110110001100001100011
0100000000011010011011000001111100100101010110100110100000110101
1100000000100001010101011111110001000111011100110101011111001001
0100000000011000010000111110111001000111001101011010000000000001
1100000000000111010001100001111010001101110011001000111010110100
0100000000010101001100101010101011001010011111111110110100000100
1100000000100001010011110100011110001011001011101000100000010001
0100000000011011011011100110110000101110110110000011110010010111
1100000000000100110100000110101101000101110000101000111001000010
0100000000010001100001000001011010011001010101101001011011010110
1100000000011110101100001001101001101111100011000010111111101100
0100000000011000011110100011011111011000100011101000011011000001
1100000000010100101001001000001001110100110101001010100101101110
0100000000011110110010011010001010011101100101010000001100000110
1100000000100010100001000111100111010111000011100111111101110101
0100000000000111100010001001010110000100010111000011100100101000
1100000000000010111101100001001111011000110000011111010001001101
0100000000010000000001010101011000111001001100101001111000011101
1100000000000111011011100111010011111001001011001110110111001110
0100000000010101110010001110110100010111001011000011010100111110
1100000000011010010001010000010110000110001111001011101001111010
0100000000100001011101001101011110000000110010101101101111100100
1100000000011010011000000110100100010011110010100000100011000000
0100000000000011100111001111111101010010101010101011010010111001
1100000000010010000000111111110101101111000000001011010101111111
0100000000011111010011010111101010011001110111011001110101010001
1100000000011000000100111000000001100010011001100100100100000101
0100000000010010111001000110000111011001011010111000000010111000
1100000000011101010101000100110110010011111010100010010011001110
0100000000100010011111100111010110110100001011011000001111111100
1100000000001101110010110111101000000001011101101111001010001001
0100000000000011101100100100101011110101010000101110110101001111
1100000000010001101110111011011001001110100100111101001001111101
0100000000010001010000111011011111010111010000011010000100100010
1100000000011110011100011101010111011100101111010100011010000110
0100000000011111101001010101001111111011111000100011110111111011
1100000000010000101111100001000001100001110101011110110101100111
0100000000010001101011010100000001100010101000010010101110000100
1100000000011111101101010101110001101000011000001110000111000101
0100000000011010001111001111011100100001100010000111101101010110
1100000000010010000010010110111110011100010000110110111100110011
0100000000011011000111010010111101101110011110000011110001010001
1100000000100011100100101110100011000011011000001001011101110010
0100000000001111010011110110100010010111110101010011110101100010
1011111111110101100011000001010010011001111110111111011000100100
0100000000000100000101000111101100111000100111000111000110100001
1100000000001001001010100110100100110010011000000010010000000101
0100000000010111001111010000010000101000101000011101001100011111
1100000000010111111101100111010110001111011000001011100001011111
0100000000100000010000110100111000101011110000011101101010111110
1100000000011111110010000110000000011011111011110110111010001100
0100000000000111001101011001111100001010001100100101011101100000
1100000000001111011000111100101111010011010000111000110111110101
0100000000011011110110100100010001010011000110000000001000100100
1100000000010000010101010111000100010010000100000000101011110101
0100000000010110000011100011110111010110101000011100000010111110
1100000000100010001010111101010101011001110000110110010100001010
0100000000010101111111110000110001111100001001101001011100111000
1011111111111110001010011101110111110111110010101010100010010001
0100000000001110100001001100010111111010100111111001110011111011
1100000000011001100100101010111011000011000011010110010100101011
0100000000100000111110101000110000010011101001010110110111010111
1100000000011001101001101101000111011111100110111111110000000000
0100000000001000101110111100001010001000100001010110101111011001
1100000000010100111001011011111011001100011101000101010110111000
0100000000100001001011010100001010100011001010001101111101111100
1100000000011000100010111111001000101000101101110110111001011100
0100000000000110110000101000100010101111011100011101000111100100
1100000000010100010000101101111001011101010111010011011001000011
0100000000100000101100001011011110001010110011010101101000000101
1100000000011100001110101000010000100101100110010101110100000000
0100000000001000111100100110011001001011111100101000011110111110
1100000000010011010000011010000111111000010000010100001010101010
0100000000100000111101111011000010000011111000101101011000111010
1100000000010101110110100110011001000110001001101000000110000010
0100000000001100010000010100000100011110111101111000011010010010
1100000000011001001001010110011001110011010100011010101100100000
0100000000100001000101110000000111001100101011010110001011010010
1100000000011011001000100000011100001111100110111011101100010011
0100000000000110100111101101011011100000100001011011001100111011
1100000000010010100011000011101010111111001110110001011111101000
0100000000100000011100010101110011001111110100101101001001010011
1100000000010111110001010100010001111001101001100101001111001110
0100000000001110101100100001000011011011101011011110000101011001
1100000000011010010100101110111101011110001110100100101111100010
0100000000100010111101101001011110101010010011010010101111101011
1100000000010011100011001101111010111111111111000100101011001001
0011111111110111111010001110101101110001011010110100010101110010
1100000000001000111001111110000011011101110011111001011110010010
0100000000010011101111110110010011010101101111101100011000101101
1100000000100000000001111110010100111000100110111101010011110000
0100000000011100110011111000001001111001010000100011111101001101
1100000000001110110110110000100100010111011101010010101001110001
0100000000010101000110010010110110100100001111111100110111100100
1100000000100010010000101011001100111101001001100001110000000100
0100000000010110100000010010001010000000101001111101000011001010
1011111111111101000100010110100011101111000011010011001010110001
0100000000001110001010110111010010001001000001010111010001000101
1100000000011001101011011011100010001100000011011111010010010010
0100000000100000100101101100110111101111111010100010000111000001
1100000000011010001001010101010001011111111111101100111000100010
0100000000001101001000100001010111000001001111001000110001110111
1100000000010111001111111011000001000000011011110110101100001010
0100000000100010011101101010011100000101111000011010100111010100
1100000000010110000100100100100101010001001111001101011100111000
0011111111111100001110001100011010100011010011100000100101010010
1100000000001110000100110101010011101010100011000100111111000011
0100000000011000011101010101111110100001110001101111000101101011
1100000000100000010010111110010001011001011010011110100000000111
0100000000011100111101000000011010111010000011100011010001011000
1100000000001011111100011101101000101000000010000101000110100000
0100000000010011101000101001111010111111010100100001001100100011
1100000000100001011101101000000111100010011001000000111101001000
0100000000010110101000010101111010011111010010010000101011001110
1100000000000101100111110111100011001010010110001100100110001000
0100000000010100011100000010101111101001001010110011101111011010
1100000000100000001100010001111111110001110010001000011111010001
0100000000011110100101100001011001001010111000011001111011110010
1100000000001010110111111001100011101101111100000110010010011011
0100000000010010010101010001011111100100101010110100101101001000
1100000000100000011101110100001001010100101011110010100010010000
0100000000010010110101111000111001001001101011001110000001000110
1100000000001111000010010101111011101001010001110111111100001011
0100000000011011111100111011100101000110110000111101010100100111
1100000000011101100000100101001110000001100101100011010010001101
0100000000011001000010011001111000001111011010001010001011011001
1100000000010111101111110101000000101111001100100110101011000100
0100000000011111000000011001001110101111100111111010111000001101
1100000000100000001011110111100010100110000101100010100110100010
0100000000010000010000000000100100001001110111100011110010010000
1100000000010001010100101000111111101101101100100000011111100011
0100000000011111111011100010000001100001110010110111100101011100
1100000000010111101010111101011011101100000111011010000001100011
0100000000010000110010110010011100100001010100001000011111001111
1100000000011011001010110111010000001111000011110010111011010100
0100000000100010011010111111111001000011011100011000001111000101
1100000000010010110111010000111000110001110111101011100011101011
0100000000000000001111000011011011111111010100000100110101100100
1100000000001111101010110100100110111011111001000011000110101001
0100000000010110110110001000000000011011100110111001110011010010
1100000000100001110101010000000111100001010110101101011000000010
0100000000011010100000110011011001000000010110000110101100100111
1011111111111100100111001001110111000111000001101111010110101101
0100000000001101001001101000011010001100000111111110010111111010
1100000000011010001010001110000111000000111101010011111100010110
0100000000011000011001111101000100010011011010001000010011110101
1100000000011100001101010100110101101111100110001011100000101111
0100000000100000011010111000101010010010011101111101011011110101
1100000000010110111100111001100000110100000101100011101110000001
0100000000001111111101011011010110111101110001011100001000110100
1100000000011011101001111110001100011101011111100111100000000011
0100000000100010011111111110101101010011101100001101110110001010
1100000000010001010010000100101010100010111110110110110110011001
0100000000000001001010010100101001111011011110010111100000100101
1100000000010000010011000110001001001111100110100100011100111010
0100000000010100101100100111101011000110000000100100110101110101
1100000000100000110101001001011101101000101000100111000110010000
0100000000011100011101110000011111101000100000111000101000001011
1100000000000111100011010001100001111001110000011110001000100100
0100000000010011001010010101000110110000101100100110111001000010
1100000000100000110011001000000100001101000010001011110000111111
0100000000010011100110010110111011101010100011011011110001000100
1100000000001101010110111110000101010100010111001110001000111010
0100000000011010110110100111010110000101010001011101001101100011
1100000000011111000110110100100001111101111101001010100110010011
0100000000011010010010010111111000010011011111110110111111101110
1100000000010011101010111110101111110110111011001100011111000111
0100000000011011001111111110110010010111111101010100001010110011
1100000000100010110111101100100001110100001110100000101101110100
0100000000010010010111010111011110100110100000110101000101001011
1011111111111110001110001000010001011010101000111100001011010110
0100000000001101010001100011010110101001000010100011110010101000
1100000000010100100101010100110100111100111100110110001101100111
0100000000100000111110010000100111110110111100101000011001101001
1100000000011011100111010011001110011010010000110011101000000110
0100000000000101011001001101001000101000100011101011100111111010
1100000000010010011010100001100101001110010110000101101001000001
0100000000100000000101110111001111011000110110110001100110010110
1100000000010100101101001010000101010101011001010100111000111011
0100000000010001001100001100111011101010111011001100011000100101
1100000000011101110101010100100101100111001101111110000001101101
0100000000100000100001101111010100100010100101010111110000001000
1100000000010010000011010011100100111100010111001011011101011000
0100000000010000101011011010111110100100001001111000111001001101
1100000000011101111010100101011010000100111101100110011101001100
0100000000011010101101111000101101000011011010100101001001110110
1100000000010100100101101100001101101010110111111111000111001110
0100000000011010111001100101011101101101110101111101110100010111
1100000000100010011100000101001101100111000111101101101000000000
0100000000010100001111011011110100010010110011101101101111001101
1100000000000000000001001111001101100110010111010101100011110010
0100000000010000011101000110100110110100001010111101100011010001
1100000000011001001001010011001100000110010100101101110010100100
0100000000100001100110011101110010110000101100101010110010001111
1100000000011000111010010010001100111000100111101001100011010101
0100000000000011010001011011001001011110110011011000101101001100
1100000000010010011111110000010101000111110000000011010111011001
0100000000011111001111000010010011011100010000100001101101001001
1100000000011010010101001110011101111011011000111101101101001011
0100000000010001111110110110001011011010000011100000001110000111
1100000000011001101100000100000000011010111100001010100111100011
0100000000100010111101110001010010011010100010011001111000011101
1100000000010100010111011000000010011100110010111011001010000110
0011111111111000000100100110010011111000000111010010101111011011
1100000000001010011001010011100001000000101100101101110110010110
0100000000010101100001001110110101100100010100110100010101110000
1100000000100000111000000000111010001000000010101111111000010100
0100000000011110001010000100001110100011100110101111010100001110
1100000000000101011111010100000100100110011111010001101110001100
0100000000001111110010010110000100100101100010110100000101100111
1100000000011100110110110000110010101111011100111011011101010010
0100000000010011011100010101010101110011011000001011010100100000
1100000000010110110110101111011100000101001110001110111010110110
0100000000100010010000100101001100110011011110101101011101101000
1100000000011000100110001110100010111001000100100100100110010110
0011111111111011111000001100101100111011001100111011011100110101
1100000000001101100100010000111000101011110110100111000010011101
0100000000011001110010001110010101101011010000100010101111011100
1100000000011100110011000011001011011001111010110111001011001011
0100000000011100101110100010110000010101100100100010111000010000
1100000000010111101011010110001011000101010001011010110010011001
0100000000011000011011100111110100001011000010110000111111000101
1100000000100000111000000110000111111000111101111101001100110101
0100000000011110010101101010110011001110011110100101111010101111
1100000000000100100110111001000010000101011000011001011000111001
0100000000001110101100101110011100001000111100111011001010011011
1100000000011011001001100111000010001000011011110100000011001101
0100000000010010111001100010100100010001001011000010110100000100
1100000000011001010011111010000010000101110011100100110000101111
0100000000100011010110100110110000001110101001000000111010100101
1100000000010011001000101101110110011010011010110001101011111000
0011111111110011001101101111101110000001101010100011001000101110
1100000000000101110000000001110011000100100110101011100101100010
0100000000010000011101100110101111111011110000101110100100010001
1100000000011011110010110000110011110100010110001000110000110000
0100000000011111001101101000111111001011000101011100111011101111
1100000000011000010100111001101010111010001100001111001000011100
0100000000010011100000010110111011001000101101011100110000101110
1100000000011110000110000110011110100100100011001001111111010010
0100000000100010101000101011000111110001101011011100011011001001
1100000000000111011111100100010000011000111111010000110000001000
0100000000000001101001011010111100011101001000111000111110011001
1100000000001101101110110011101000000001100111011010110000011100
0100000000000111111100110110110011001011111010000111011001110010
1100000000010110101011111101000011010110111101010111000101101001
0100000000011000101100000101000010110111111010000111100001011000
1100000000100000101100110000001110110110101000101001011101001101
0100000000011110000010011101000101000110110011010110100011001110
1100000000000110101000010010100010000010000101010010011010001111
01000000000100000