0011111111010000000000000000000000000000000000000000000000000000
0011111111100000110010100110111011100001001000111001010110000001
0011111111110000001001000110001011011110011101010000101110001101
0011111111111100101110010100101000101100011110001000000001111010
0100000000000100010101100001001001101101001011000101001100000001
0100000000000010111011011000101100111111101000011110100100110101
0100000000000101110110110001001000101110110111110011110111001001
0100000000000001111100111011111100011000011101000111100000011010
0100000000001000101001011000100000100111011110100010000110011011
0100000000000000101111000100101010101100111110100110010110101101
0100000000001110111100001100011100100010001001011000011010010100
0100000000000001100111010110100110110000001111001111001110001001
0100000000010010010111010010100011100111011000011011000101001000
0011111111111111000101111111100001010101010100100010110000111101
0100000000000110001001000111000100000001101100101110101110100001
0011111111111111001001110101111101101110011111100110010100101011
0100000000001010110111110101010010000011100011101010010000010100
0100000000000010110010111100100101010010001001100111111011010110
0100000000010000101111100101010010010101110011010011001101101001
0011111111111110000100111001110010110100100100010111110110101011
0100000000010000010110011010101110100111100101111011111011101100
0100000000000101000001110111100010111010001100101110010101010111
0100000000010001100010101100001011111000111000010001000110000011
0011111111111000110011001000100011110100110100011000101110001000
0100000000001010110001100000111000011101010000000110011000000010
0100000000001000110000000100111101000010001010001011000011001011
0100000000001110000001111101000001001101110110101001110010111111
0100000000000100110011101001001001000101111000001001111011010010
0100000000010001000100011101011000110100101010000011010000011001
0011111111111011010100010100110111101001111100010001011000011001
0100000000001110100011000000000010000011001001101010110101000000
0100000000001000011010001001010111111101110010111100100011101010
0100000000010001011010101010001011000011110001000101010011011101
0100000000000000010110011110011001100000101110011000111101100101
0100000000001101000000011100010101001000100011000111001100110010
0100000000000001001001011011100010100000010101000001111110100101
0100000000010010011000001001100101101000000010111100110111100000
0100000000000000110010111010010001011010111011010000111101101001
0100000000000111000111110000011001110110010010011101100101011001
0011111111111110010100100101111011100010001101101111001110111100
0100000000001101010110111010011100111100110110111011000001000000
0100000000000100111001000011111001111010110110001000111101101110
0100000000010001101010100110010111010110011000110111000101011110
0011111111111010010101111100000001010100000000100110111111010100
0100000000001010010001010101100111010001111001000101110000001010
0100000000000101101111011100000111000000110011101011101001000101
0100000000001110110001010011000110101111001101101001010100101111
0011111111111111100110001011010000100011001111111010110010110000
0100000000010010011000000010101010001110010100111100010101010111
0100000000000100100111110010110110101001100000011010110111000101
0100000000001010001101100111110001100011101110101101100000000111
0100000000000000011011111011111010000101001110100100111111001010
0100000000010001000000011010101010111101110111011100000111000100
0100000000000010011111011111111100111110010010100111100000010011
0100000000010000010111101000111111101011110011011011101110011111
0011111111111100101110010100010101000001100001010111001110000100
0100000000010001010001100110001100100011110000000111011101010000
0100000000001000111001001100101011101100011110000110000111001011
0100000000010000111100000110000100010010101101011100000111011000
0100000000000001000000110010111001111000010010011001110010111111
0100000000001111101011001000011101100000100010111101110111011111
0100000000000000010100111010001001001000100100000101101011101011
0100000000010001111110000000111100101101001110110100010110001001
0100000000000011000001111100101110010001011011000110011011111001
0100000000001011111000110010000100110111110011110110101110010100
0011111111111101010100110010001101100111101010110011100110110111
0100000000010010101001000101110100100001111011010000100001111101
0100000000001001010111011001011110110011111011010111011010101101
0100000000001101001000111110100000011100010001000111100101111100
0100000000000101100000100010001111100101101000000010001011000011
0100000000010000110000001001100100111100001111100011010111010011
0011111111111100011111111000010000011001101011110001100010100111
0100000000010000000001000101010011011000110001001001110101111010
0100000000000111001101100101000011000000111010100100001111000100
0100000000010001100100011110100101000110001111101100111111011111
0011111111111100110111111101011011010111101000100001111110111100
0100000000001011010110100100000011000110001001111110111101101111
0100000000000011110101110100100001011111110001100111100100001000
0100000000010001000010100001010101010101110101110111100111110110
0011111111111011010001111001000010001010110011110000101010010111
0100000000001110011100111001010101001110100000010001011000110000
0100000000001000011010011111110011000001000101111110011110110110
0100000000010001010101111100100111110100111001111100101001110000
0100000000000000010000100100101100000011000000100010010110111010
0100000000001101011010100110000101101110100001111010101111010101
0100000000000001010111110101000110101011011000011001011010100011
0100000000010010100001011001100101011010110010111000001011010111
0100000000000000011111000111000100001000110111001011000010000011
0100000000000101111110100001010101001111110011111100110011001000
0011111111111101100111111101001000100100111101000001011111000111
0100000000001010110101101011111110010101101000001111000100011000
0100000000000100011101010001001000000010011010011001010100100010
0100000000010000010010100111100001111000101011111100011010110100
0011111111111100010110011110000101100100101000110111011010110101
0100000000010001011000011110001001011010010100011010101100110001
0100000000001001101110100110101011110001100011110100011010110011
0100000000010000111010001111100110011011001101110011101000101010
0100000000000011000101000100110111010010001001000101100100000010
0100000000001111110001010011100010011010111010111111000101101010
0011111111111100001101100100110000001000011101010001111100101110
0100000000010010001101011100000111101000101000101011101110010001
0100000000001010111000110010010010111000000101011101111110110111
0100000000010000001011111100000101011001000011101011110100000111
0100000000000110001100100110010011000111101001111010110010111110
0100000000010000111101111100010101011111001000110100010111111111
0011111111111011010100010001000011010111001110010001111100010101
0100000000001110100110100001011001010000111110001101001010000100
0100000000001000001000100101110000001110110011011110010101100100
0100000000010001011111111110110111100101110110000110011100110110
0011111111111111100111110110100000000010110111010110111001111001
0100000000001011110101100001110100101110010010010101110010010101
0100000000000001101001100011011100100000110100010100000010011010
0100000000010001111001100101010101001100000001011010000110100010
0011111111111111101011010100111011100101000101110110000110100100
0100000000001010010111001100011111100111010110000100011010100100
0100000000000000110000011010110000100010010110001010100101010010
0100000000010001001100001001010101011001101110101011111110110000
0100000000000001110101100100011011010111101001110010111111010110
0100000000001111100100100100101100100010000111011000011010000001
0011111111111101101110110110011110011011000001111101011001010100
0100000000010010010011010001110001100100011011010101001010111011
0100000000000111101111000001101011100111011001001010011101101000
0100000000001101001000110111110101111001011000000100111011010011
0100000000000010101110011000010011001001010100111111010111101000
0100000000010001011001101011011001000101011101010000111000110000
0011111111111101001011111010010111000110010110000100011000100100
0100000000001100110111100110010110110011011110111010001111011011
0100000000000100100011010111110011000111011101110000000010111000
0100000000010001101001001110000011000011011110110101100011111001
0011111111111010000000110100100010010111011011101000010010110011
0100000000001010010100000000010010100101010000110000110010110011
0100000000000110011010111101111101111111010011000011111100110110
0100000000001110011010010001000101111100011010000010010110100111
0100000000000001010000011111011000100010110010111010100011001101
0100000000010001111011010000000111111101000011010100100110101101
0100000000000000100011000101110010001011000101001100110011100110
0100000000001010100110011010011110010010111010011011010110111010
0011111111111111011110111100110111101000000111111010010001101111
0100000000010001101101011100111011110011101100001001101001010001
0100000000000100111000101000101011111110110010100001010011001100
0100000000001110010111100001110011111001100011101000101010111010
0011111111111100101001100001001101001001101111010110000011101100
0100000000010010101110110000111101011010010100110100010100111110
0100000000001010101110100110010010011111111001010011011010111011
0100000000001110000101010011011101111101001111010100111010001111
0100000000000110111000101001101110111010110111000101011010110001
0100000000010000110101000011111110100100100001010100111111010100
0011111111111110010101101010000101100111001011111001011011000010
0100000000010000000010000011000001111011011011001001110100111010
0100000000000100010001010001001110101100110101100111111011010000
0100000000010001101110011101100100001110111101000100100111101100
0011111111111000111010100000111001110011110100100110001000001000
0100000000001001000011101001101001111011001101001100000000111100
0100000000000110100001101101010001010101100000110010111110011011
0100000000001100101011011000110001111010000000011010001111101000
0100000000000010000101011001000001110011011100011110010010110110
0100000000010001110000011001000110001000001100001111010010011001
0011111111111110111001001101100110111010101000001101011100100101
0100000000001010111110111000010111101111110100001110011010011110
0100000000000001100110001001011010000110111000010001000011100010
0100000000010001010011001111111111110000000011101011001000011000
0100000000000000000110000110000100011010101011011011001100001000
0100000000001110001001111010010000111111001010100011001001110011
0100000000000001111001000100110110110011110110111101010111011101
0100000000010010001011110011011100101000010010010101101011100000
0011111111111110100110100110001010000000000001110111101111010101
0100000000000111010000011000010001001001001001101101000001001011
0100000000000000010101110111001110111110101001010010010010000001
0100000000001100100100110011001000010111011111100001000010001000
0100000000000010010010001111011111111110001100101111011011110110
0100000000010001110001100111011101000010001011010011110100110000
0011111111111101100000101110110100100010000011100110000001110010
0100000000001010011100111001110011100001010000111101100110000111
0100000000000010101101011100110011001100001001110101110000000001
0100000000010000011110101111111011100111001101100010010110000110
0011111111111101101001010110001111010011111001111000011000101001
0100000000010001000110011100000101110100101111110001000100010011
0100000000000110110100010101100010110011010111100100111001000101
0100000000010000110111000110000100101101000101001101111111111011
0011111111111100001011110111101110100111111110100111011101001011
0100000000001111110010010111001110001011000010101000000110110010
0100000000000111110101101000100110101010000110100110001111100110
0100000000010001011100110110000111101101001011011011100111001110
0011111111111110111010001011111111000011110010100010011010001000
0100000000001011111101111001010111001001101000001011001000101100
0100000000000010000110000001011100101110001101110110000111100011
0100000000010001101110011111001111110100101111110001010010111001
0011111111111110111011111001100011010000011100010101000100011000
0100000000001011001000011010000001000100011010000010001100011110
0100000000000001110100111110000001011100101011101000001010100011
0100000000010001011001010101011010011111111110001101110100000100
0011111111111111011100101011010110000110011101011100100100110111
0100000000001101001111011110110011111111110111100010110011110011
0100000000000001111100111011000011001100010111000111111100010010
0100000000010010011000101101101010000010110101110011001000111010
0011111111111110111110011100100101011111100111101010111110101001
0100000000000101111001010010011000000000011011000110001110001010
0011111111111110100000010010101001101010001000010011101010111001
0100000000001010010011111011000110111001100011001111010011010000
0100000000000011000111100010011010011101000010101010010010110100
0100000000010000010001001100111101011000001001011101110101010100
0011111111111110000111100011101111000000110001001011100011000000
0100000000010001001110101110101010000000010101000001010000100100
0100000000000110010011100111111001101111011100110010001001011001
0100000000010000100000001111100011011110101111001100001010000110
0011111111111011111111100111000110111111111001101111011001010111
0100000000010000100101101011100111110111010000000100000100011000
0100000000001001000111100011011100111101010111110100101111000011
0100000000010001010111010001110100000011101011101111010010000000
0100000000000000111110101000111111111100110101110110100101000001
0100000000001100111100000001000000010000011000111001101000110001
0100000000000000001110001010001001111111110111100110000000001110
0100000000010010011011010101011001010111101101010011111010110110
0100000000000011100110100111101111101111110100000101110011000100
0100000000001001001011001101010011101010101110000011010101100101
0011111111111110111011001000110101110000010000001110101101000001
0100000000010000100001111001100011011001010110000110000101000000
0100000000000101010101001011100100100000001110110111011100100100
0100000000010001001010001010110011110000100001011010100111111110
0011111111111001100011111101111001011101011011010011011100010100
0100000000001101101111001100011011011111001111110101100101111111
0100000000001010001010110011110011110000000100011010100100010001
0100000000010000100110000011011110010111101110100000000101001101
0100000000000101000100110000010101010100000100111111010101000111
0100000000010000011010010110101101111100111010000100111010011011
0011111111111011111110001000001001100000100001010000000101001010
0100000000010001000111000100100111110011011001001001011100100011
0100000000001001100010000101111101100110100000101001010010111111
0100000000010001001111001111011000000111001101110100000001001110
0100000000000001111000010101110111100011101110011101001000000101
0100000000001110011010110101011110000100011110111001110100000100
0011111111111110000000001100100001010010101001110101101000101100
0100000000010010101000101111010101101010101000101100011001001010
0100000000000111110100101010000000010100011100010111011011100110
0100000000001011110101101111110101101010000111001000000000010000
0100000000000011101000101000110111011000110010101101011110101100
0100000000010000101100100000100100000000101000000101000010011001
0011111111111011101111101111100010101011110111011110010101110010
0100000000010000100000111001101110111101101101010000110100011000
0100000000001001000100001001100111111111011111000000001000011111
0100000000010001011111001000001011010110111010110111010110101111
0100000000000000111010110110110111011000000110011100110001111000
0100000000001100100101011111101101111011100110001011010001001000
0011111111111111100110010001111010100010101000110001011110011101
0100000000010010011111010000110111100101111110100110000001000101
0100000000000101001001010110101110011000010110000000111000010110
0100000000001010001010110010011001001110011011010100110111001011
0100000000000000101001010011001010110101011010011010011001101100
0100000000010000101110101110000011011000010100010100001101111000
0100000000000010001011010001001111000000000101111010110111101110
0100000000010000100111001100100111010010011010000001110110011001
0011111111111101011000110111011110001000101011111100001111011000
0100000000010000101110110100011001011000001001001110110011100100
0100000000000110100100100101100100101000101100111011011100100100
0100000000010001000000100000000010101110100110110110001110000100
0011111111111011111100110110100011110101110011001001010001101001
0100000000001110100000101010001000111011110111011100000101011011
0100000000000110110101100100111010110101011000100100111110100010
0100000000010001101001111110001100110011000011111011001001111000
0011111111111011000101000111100111100010011100111110000101011000
0100000000001001111100101000000010010010001011011000100000011101
0100000000000100110111101011001000000000011110011100010100001111
0100000000001110110101011100011100010011000110011101111010111010
0011111111111111011111100111000110001011000101000100010011100101
0100000000010010001001111110000000111110000101100111101100101110
0100000000000100100001001001010111100000010101000010101111110011
0100000000001011100000001111111101001101010010011011000011001101
0011111111111110100010101101110101110111110110110100101111101001
0100000000010010001100111000110100000011110001100001101011101110
0100000000000110110010100010100011111011001110110111001011101100
0100000000001100111100001000110110101011011011111011110001111101
0100000000000001010011000001011010000001100111011010100011001100
0100000000010010000011011010001111001000010110101010001011011011
0100000000000000110010000101110100001100000110001111111010111011
0100000000001001100011110110011111100010001101010011001010101110
0011111111111110111010000001001110100011000110101000100010111101
0100000000010000110011000101000010000010111111100110110001100010
0100000000000101001011010001111010101111001010111001101010111010
0100000000010000110110110101001001010100111011011011110110101010
0011111111111001111010011000100111010011111000010010111110001000
0100000000001111011100001001010110100010101001100000011100111000
0100000000001011100100010110100001000100100001010111000010010111
0100000000010001010000000100111101011011001000001011111111001011
0100000000000110010111110111001100000101101101011001110100101110
0100000000001111000101001110110010110111111011100110110100100011
0011111111111110100000010111110000000001000001010111011011101000
0100000000010010010011111110101001011100111011000101111011001111
0100000000000110011000001011101000101010110011001000011100010100
0100000000001011111100001010001111110111010100000010100101100111
0100000000000001000100110100111100000110110001010111011100010101
0100000000010001100010101100111111100000100111010010110110000101
0100000000000001011110100101111000100101011000110010110101011110
0100000000001101001000111010100100001011001010000110011000110000
0011111111111111010111001001001000111110000110011011000000011110
0100000000010010100100100011000000000110010101111110100010111010
0100000000000101101110001000101100110110010011000100011000100100
0100000000001010010011111011010000111001110000100101011001111001
0100000000000001001101010110011110101100001011100011011001011000
0100000000010000011110110010110111001000011111000110000111000101
0100000000000001010000000110000111000001011111010110100000011110
0100000000010001001010001100110101111000001011110101001100111111
0100000000000000011111000101101010011001101010010000111010110011
0100000000001111010110100110100110001110100011000011011011100101
0100000000000001011100111011101101000101001001100001101110011110
0100000000010010001001010111010000110110101000011111001000011100
0011111111111111100101111101101100101101001000110110110010000001
0100000000000111111111011101010101000001110101000010001110011101
0100000000000000001011010010010001100010110001001110110110101101
0100000000001110100001110110010101000110100001001110001110111101
0100000000000011000000100010100110101000011100011010100111101100
0100000000010010000111000101101000010110000000101011101000100000
0011111111111010011100111110000000011011100111101000101110100101
0100000000000110101000110010110110101101111000111011110111000001
0100000000000010101110110100111110001101101101011001111011101101
0100000000001010000111110000010000111110000001010101100111110001
0100000000000000100001000001101110001111010011010011011111000100
0100000000010001000010100101110101000110111010001011010111011001
0100000000000010011110011001001010111001101011100010101011011001
0100000000010000010011001010011101010111101111111101110010010000
0011111111111100010111011100001110110111100100101000011011111110
0100000000010001010101100110101101010100111101010001001000011001
0100000000001001101001110101011101011000101000111101000101111000
0100000000010000111111000001111100110111010001011011011110100000
0100000000000010110010011100101010101100011011001011000011010101
0100000000001111001111000010011100001011101011101011111101101101
0011111111111101000011100011000001100111101011110110000101010110
0100000000010010010100110000000101011110001000110100110011001100
0100000000001001001001111111111011110001101111111110001001111001
0100000000001110001110010001001010001101000111011101010000010001
0100000000000100000010001110111011111101110111110101110010011110
0100000000010001010000010100100010001010010000011100001011100110
0011111111111011000110000110110010001000010011100001010111100111
0100000000001101001101011010101001101000001000101100010000001011
0100000000000111011111100000001100100100011111100111110110001111
0100000000010001000101000110100100100010011110010000001001010011
0011111111111111010101111110000001010001001111010100110011110110
0100000000001110110110101100000010001010011101110001110000100001
0100000000000010101111011100110010101101101101110110100110110101
0100000000010010010010100010100101110110000011000111110110001010
0011111111111011010001010001001000110101010001111000100101111111
0100000000000100111111100011110100001000111001000111011000011001
0100000000000000100001001011011000111010111100111110001110001110
0100000000001000000000111101011010101101100010010010110010011110
0100000000000001011010011000101010110001111001010101010000001000
0100000000001101010001111101101010110100001100111011110100111010
0100000000000001000111101111110000110011110101101110100001111101
0100000000010010010100000001010010010111111011110000100111010100
0100000000000001001110011010110000101001111101101001110101100001
0100000000000111110100111001110011000000011111011101000100000111
0011111111111111000100010101111111011110110100110110101100000010
0100000000001110100110000111010111110101000001001101110011000111
0100000000000011111011001000000101100100111011101110100110110010
0100000000010010000101001110110011011110111110100001100100101110
0011111111111001000100010011000001101111011100111000110001001010
0100000000000110100001011111110000111000111110011001001110101000
0100000000000011111101100000010111110100011011110110010110000010
0100000000001001010010011010111010010011000100010111011000110100
0100000000000001011100001111010010111001100011111010011010110000
0100000000001111100111001000010001110111100110001100011101100111
0100000000000000011011111010110100001101010100100000100101011001
0100000000010010000011111001001000010111000001000010110001000111
0100000000000010110010100111011100100000010101110100000111011000
0100000000001010111011110110000110000011011110110111011000101101
0011111111111110001000010111110100011011000110111000001001001001
0100000000010001110110001100101001111000100100110001111111110000
0100000000000111010111010001100101110110001010000101111111011010
0100000000001111010101000101000001001110000001101000000111010001
0100000000000000110000011111010000010001100000011111111000000010
0100000000010001101101010110101000101111000000011101101000001000
0100000000000001110011100000000011011101100111110000001001100000
0100000000001100101101110000111010001001010001101101110111011110
0011111111111110010001100011111010111001000001001010001101111011
0100000000010010110010011111100110101101111010010010011100100011
0100000000001000000000001001100100110010110010111001100100100110
0100000000001011010101011001111111000011010101011100001110000110
0100000000000100001101010111011001110010010110000010100110010000
0100000000010000001001011101110110011000000110001111000011000010
0011111111111100111111001100000100100011110111010001100100011100
0100000000010001101011111000010010111100111011111110100000011111
0100000000001000111001010001011111000100110101100010100101111000
0100000000010000001011100100000110000101011101111011010011100111
0100000000000010010000001000100010011001100101111100100100011011
0100000000010000111100010011110000001000101101100111011111000000
0011111111111101111000000010111101100110110110101011110101101001
0100000000001111101000000110100111011010011011011111111000111001
0100000000000101001000111111001000010001001001100111011111111111
0100000000010001101000100101101010010101001010111111111000010110
0011111111111001011001000111100100101011000100010010101000110100
0100000000001010010010000010100110001000111101001101111110100000
0100000000000111011010110010011100111101001111010111001100111010
0100000000001101101011110101110000100101011110001101011001111010
0100000000000011000101111010100111000110111110100000000111101000
0100000000010001101010110101101011000100001110011110110101101100
0011111111111011001010011000000000000110110111000000100011101100
0100000000001010001000111000100111001100101011011110101001011110
0100000000000100111011001110111011101001111111111011100111110000
0100000000001111000010101110111100110111100011100001001100011000
0011111111111110111110101001000111000110011010100100111010110010
0100000000010010001100101001111111000101001010101001110110000111
0100000000000101111011011001101011111110000001011000101001100011
0100000000001100010001100100101001011011010101001001110001011011
0100000000000000101010011011101010001110010111010000100100101011
0100000000010010000100100110110101010011000000110001000111000000
0100000000000010100110011101010010010101100111101000111011001100
0100000000001010101010111101111010010101111101101000000110100000
0011111111111101100010111010100101011001110111110110100000000001
0100000000010001110001011001100010011011101011011100010011000001
0100000000001000010001100111100110110001101001111010101111100100
0100000000001111111101001011011011001000011101101000111001110001
0100000000000001011100000001100101011010100101111001100101001010
0100000000010001010001010010111000110101000101000111110100010101
0011111111111111101101111111110100111000000101110011000001011110
0100000000001110010100010110001001010110010011001110110010111011
0100000000000010010011010111011011010111100000010000011010001100
0100000000010010001011110000011110000011110101110110111100010000
0011111111111101100101011000000110101011100001110100000000111111
0100000000000110111000010011111000100110101010010000100011110011
0100000000000000001011101101011101110110111101101000011111100011
0100000000001011111101000101110110000100010000000110101111010111
0100000000000010100100000101010110001011010110101101110101000001
0100000000010001101010000111100010111111100000111111001000101110
0011111111111100101100010010010111110001100110011011011101100101
0100000000001010101111000111100010000001001000111111101000001100
0100000000000011100011111100100111000001100100000111111010000110
0100000000010000100011011000100010001100101110000001010000100001
0011111111111101000011100111011111100000110001100111100010000011
0100000000010000110010111011001011011100010100011000000010010110
0100000000000111001110010100010001110101101111010111001111100001
0100000000010001000001101010100000110011001111011101111111111100
0011111111111101101111011111100101101000011100101100100101110110
0100000000001110111110010000101000101000110101110011101100101110
0100000000000100100000111011011010111001000101101110111100000010
0100000000010010000001111010011101100010001000101111110000111100
0011111111111000010000001100111100110000001001010001100001001000
0100000000000110011001000010111010000001101000101111011100010000
0100000000000100100110111001000101010011000101001111010110001110
0100000000001000101001110010100110111101010010101011101011100010
0100000000000010100010010111100011001011011110000000000000111101
0100000000001101101111100010011110011111000101111000001001010110
0011111111111111111001011111111010100101001011100000110100000101
0100000000010010100010001100011101100110001110100110111000001100
0100000000000100011010100011111010001101000111010010000001101110
0100000000001001010110111000000010101110001001100010001101000001
0100000000000000010110000100000010110010010110100110111011001000
0100000000010000000101001010111100111100100110010000011011000011
0100000000000010011100001010001001110001110001110111001110110100
0100000000010001101101111100110010011010001010110000011000010000
0011111111111011110101001100100001101111011100010101100111010110
0100000000001010001111100111101000001000111111001000111001011001
0100000000000100010111110100110011010111111111010000110010000110
0100000000001111100100001110100000111010010001010100011110100010
0011111111111110000101010100100010100111011001010101001000010001
0100000000010001111101111001110000010011000000100111100110000010
0100000000000110110100010111110101100000101011010010101010110011
0100000000001110100010101110010100001100101110011001100010010111
0100000000000000011111111000001101000111100000010101100110011110
0100000000010010000110101001101111110100101110100101100010010010
0100000000000010011111110011010111100011111111011100110100100010
0100000000001010010110101000111001000100101011011100111110001100
0011111111111110000110111111011010010010000000000010100010001001
0100000000010001100011101011101100011010111110110010011011010101
0100000000000111011111001100001111111001111001010101100101010111
0100000000001111111110001100001100100011111100110110100011110000
0100000000000000100100011010001111011111001100011010011100110100
0100000000010001100110101001010011111100100110001101111000011000
0100000000000001111001001000011000001001000100000001011101011101
0100000000001101001010101111101100010001000110111111101101100110
0011111111111110011111010110000110000101111001010010001011010011
0100000000010010101000110101011000110100000111110110101001111001
0100000000000110111011111110010001111011010000010010111100100011
0100000000001011000100100001100000101100001000111110110000100010
0100000000000010110010110100101111011000011011101111000001000100
0100000000010000100010111001011110110000001010111101111000001101
0011111111111101011110110101000010100101000000110100010110100101
0100000000010000111101111110001100111101001011101100000001101000
0100000000000111000111010001001100101001111111111010000110100101
0100000000010000111111111001011011101101110101110001110000011111
0011111111111101001110011111001110011010011100100000110001110000
0100000000001111000100110110011100110110010101000001011001010001
0100000000000101100000011100111110111111000101011111000010000010
0100000000010001110111001110110011010010011011101111010110111100
0011111111111000110000000100011111111110110010001110110010010000
0100000000000111111111101001110010010001000011011011001110111001
0100000000000101100110000011111111100111011111110010011110000000
0100000000001010110010101111101010011001010100000010001001001111
0100000000000010001110110111010110010110010010001000111111001001
0100000000010000110001001010010001111101110011110110001010000010
0011111111111110001100100110100111011010110101110111100101001001
0100000000010000001110001100110100010000111100010010011010000000
0100000000000100101101101101010000111010101000101100101111110101
0100000000010001101100111000010110111100001001101001111000000001
0011111111111000100100000000000111011110001011000001000000111101
0100000000001001011001101110000011000100001010100100001010101010
0100000000000111100101000110100011000001011001111011000101111010
0100000000001100011100000100101001110101001100110011010101110101
0100000000000100010010000111000100001100000011000001100101000101
0100000000010000111111111001100110110100101011000111001101000101
0011111111111010101100001110001111000001100010000001101011100101
0100000000001110110110111011001011011000111101100100101100110010
0100000000001001100101001001100111000111011011010100110100001100
0100000000010001011010001110010010100111001111001001011000000101
0100000000000010100101011110111101001110001100001110001010111101
0100000000001101011000011011101111011011011001110001100000101010
0011111111111101000011000010000011110101001110111000011000001110
0100000000010010110011100100010101100011001010011001010111101010
0100000000001010000100001011100010110010101110101010011110101000
0100000000001101010010011111111100110001010000100111011000101100
0100000000000110001100100011001000110011000101111101011010001000
0100000000010000100111111011001011101110000101110111110001001011
0011111111111100110100110011100100101001011010111000100000010011
0100000000010000100001111100101111111011000101111001000111000010
0100000000000111011001110110110101010110110101111101110010010100
0100000000010001010100111000011111100111110101000111011111101011
0011111111111101010101011011100110011101101011110110010011010000
0100000000001100100000110001100010111110111101000011101101001111
0100000000000011111001001010001001011000000110101110001100010100
0100000000010001100000000000011001010111001101100111011001001111
0011111111111011010010100110000111110110000000010011110011101000
0100000000001011110100111001011101111010111110110000000110111100
0100000000000101101100101101011001011011000001001001000110011111
0100000000010000100100010011101000101001110101101001000001001001
0011111111111100101101100001111110000011101000100101011111111110
0100000000010000101110101100001111011110011100101011100000100001
0100000000000111101011101101011010111001011100011100011010100110
0100000000010001000110000100110111010000111011100001100111110011
0011111111111101111100001100100010100101111000010001111011101110
0100000000001110100001001111010000110100111100000011101000010010
0100000000000100000100110000110110111110010101100010010101111100
0100000000010010000101000110100010000101110101011011111101111111
0011111111111000101100001001110001111010100010100011100000111101
0100000000000110011000100100111100100101100101100000011111111001
0100000000000100001111011101111011011001011011110100010010011101
0100000000001000110010101010111100110111001001011010000011000110
0100000000000010011010000111110010010101000110011101101111111010
0100000000001101111101111010010110100101001110010001111101100011
0100000000000000001110001011001010100111001101011001100101001010
0100000000010010101000110111110110000110000101010100101001000101
0100000000000011100111101000000100000010101000101000001110101010
0100000000001000000010001101110011110011110011010111001101110111
0100000000000000010010010000000001110110010101100101011001010011
0100000000001110010011001110001111001101100110011000111001011000
0100000000000010110011011110110110001111111001010110010001001110
0100000000010010000001010101100100110010000000100001000101101100
0011111111111011000100011111111011110010100100010111100011000101
0100000000000111110010110001101110010011000010110010001001111010
0100000000000010101100000010101000110010100100011111101111000111
0100000000001100100111001010000000110110101000001010001111000100
0100000000000000000111110101111101111010101001111110010101010110
0100000000010010011101100111100101110101000000001001100000101100
0100000000000100010011110011111000101101000111110000101111000001
0100000000001001100110010000000101111000000101000001011111111011
0011111111111111111101111001000110111010001011001111110011010100
0100000000010000100110111110001111100111001011011001011011010000
0100000000000011111001000010100011111111100110101110011010011111
0100000000010000111011100111110110100001000011100110001110011011
0011111111111001111001011110100011100010111000001000010111100010
0100000000001111001100011101010111110101111111101010101000111000
0100000000001010111100001101100101001111100001100001111000101110
0100000000010001010101010010111101101101101001111111101110110110
0100000000000101011001111110110000110001000011100101001000111001
0100000000001110110011011000001110011011001110010010010111110100
0011111111111101110100110100111011011000111011110110100010000100
0100000000010010010111100010101100100100101011000000100000000111
0100000000000111110011110011101111110101100101011010001001110010
0100000000001100110100000001111010100010000111110110010011101100
0100000000000011000001011110010010110000100000001010010011011010
0100000000010001011100111010110100001010111011001001100111001011
0011111111111011111111000011001000001101001100111010101011011001
0100000000001100001101110011101001111001100101110011110100001100
0100000000000101101000111011000001000001000011101101100011000100
0100000000010000110010100000010111000110010000010100111011100000
0011111111111100101110110001111010100001101101111011111000010110
0100000000001111110101101100101111000111111000101011010000101101
0100000000000110101110101100000111010110010001001000111111101001
0100000000010001100010011111011101001000011011010001110000101100
0011111111111011001101011000110101100010111110111101110010111010
0100000000001011001000010001100101101100001011111111101000000001
0100000000000101011101000011101000010111011111000101000101111111
0100000000010000011010010110011101110010001111111101011111100100
0011111111111101010110000000010000101110110011010010100110111001
0100000000010001000011101011000110110100000101100011010010010011
0100000000000111001110000111001101010101100011001101100100100111
0100000000010000111101110001011000001110001001111001010100110100
0011111111111101111011001110100000111110110101110011110111001101
0100000000001111010100101001101000010100111000111101100111010001
0100000000000100110101111101000111101111110101011101101001110100
0100000000010001110010001111101000011100111100101000010010101000
0011111111111000110011010010110101100111110100110110101000100100
0100000000001000100101010111001101101011100110101000100001111101
0100000000000110100001100011110101100111001111110000010100100001
0100000000001011100010000100100100110110011011001111100000010011
0100000000000011010110101111111110011010011111010100010011111010
0100000000010000110101000111101111111101011010100011110100110011
0011111111111100001101110101101100000011011001111000110010001001
0100000000010000000010001000110000100000001110110001000111001100
0100000000000111110001111111011101001110110101000001101010110011
0100000000010001100011001000000001110011110100111010111010101010
0011111111111101010010110100100000101111111110111111000011000010
0100000000001011000101001100001111111110000100110110000000000111
0100000000000010110101101101100101010000000111011010110110111010
0100000000010001001001110111100011000010000000111000110001010001
0011111111111100111111010111110010110100100000011001111111001000
0100000000001110100010110101101001011001101101100100001100011100
0100000000000101011001001111111010110001010101100111001001000010
0100000000010001111001100010111110001001100110100001010010110100
0011111111111001101110100011000101111101001010000111100101001001
0100000000000111110011111010011111101110110111100000000101001010
0100000000000100100000000110011001101011111001100001111000001001
0100000000001011010010011000001001100101111101100110001101011010
0100000000000001010010100011011111001101110101011111000001100001
0100000000010001011110111100110001001000011010000001101101100110
0100000000000001000111101110111100110001100100011010010001101001
0100000000001101001111001000000000110101110111111100011110000100
0011111111111111010111111100110011110001001011011100001010001111
0100000000010010101110001000110110001011000111110011000011010001
0100000000000101100101000010101010100111101111010101010011011100
0100000000001001010110010001101010110011000111011001011001000111
0100000000000001110110111110111101010000101111000100111001001110
0100000000001111010000101101110100000100111000111001011110100000
0100000000000000010110111001011110010101110110100110111010110111
0100000000010010010110011100100100011000101001111111110000010011
0100000000000010101010010100011111000100000001000011011001100011
0100000000001000110010011000011011110010010010000000101010001100
0011111111111110011010011011001101111101111100000110001010100011
0100000000010000010011111111111110001111000010001110011011001010
0100000000000110000001100111000001101011011000110101111001111001
0100000000010001100101000110001100001000110100111110011111101000
0011111111111010010000101110000111010111110100001011010011010111
0100000000001010010000001001111000100110000011011010011100010000
0100000000000101110010000110010101011110111110011110010101100100
0100000000001110101101010110001111011100110110000000110000101101
0011111111111111101101111010100111111110001001001010100101100001
0100000000010010011001101011010100110011010011100101111111110010
0100000000000100101101100111010111101000111110100100101010011100
0100000000001010001011000111001111001111011101010011100010100000
0100000000000000100010001011010010000111110001011001111001001010
0100000000010000111101010110011100101010110010010001010000011111
0100000000000010010100111101110000000100110111110111100001101100
0100000000010000011010011100101110111010011101010000110001011001
0011111111111100111010001001001010101011001101001100001111011101
0100000000010001010000100100110010011011000000001011100111011110
0100000000001000100010000101011010101010100011110011010010010011
0100000000010000111001001101100111010111101000101010001101111101
0100000000000000111111001110011111011000000100010000011001100001
0100000000001111111011111011010001010001111110110111001000000111
0100000000000000001110000101000010001001011111011110111111010111
0100000000010001110010010010000011111100110100101011101111111100
0100000000000010110100000001010001001001110011110100101001011011
0100000000001100111101111101001110010111011110100111100000000010
0011111111111101000110101000011101001110110000000111111110111110
0100000000010011000001101101000111111110001110110100001101100001
0100000000001010101010111100110000100111110011011110101100110010
0100000000001100110001101100101111100001010101111111110111010101
0100000000000111100100111000111111101010010010010011000011110000
0100000000001111111001110111011101101101000000101100000100001100
0100000000000000111101010011110111100000000110000010100100001100
0100000000010001101000111100110110001101100011110011110100110110
0100000000000001000100110001100000110101100000110000110001000000
0100000000001100100101011101111011110001100101000000001101111000
0100000000000000000100101111110101001101010111011000101011000111
0100000000010010011011100110011100110100110001011011101001100011
0100000000000100011101010010011011010011001011001101011010001100
0100000000001001110110011100110011011011001000000011100100101100
0011111111111111110101110010101010100011101101000101011000010010
0100000000010000111010001111100001000100111010110110111101001101
0100000000000011110100111001000001010001111011011010101010011110
0100000000010000101010011001001111100100011000110110111111010111
0011111111111010001111000001111011001111001011110001011001110111
0100000000010000100000100100111101110101001000101110000010111100
0100000000001100000111010101010000010000011010011001101111010100
0100000000010001101101001010011100100010101101110110100100110111
0100000000000111001111010111010111100000010011110000001101100100
0100000000001110010010010011111011101101001110111001000111000001
0100000000000001000101100110110110011111101100011100001101001011
0100000000010010000101100110001001011100100000010111110101100011
0100000000000000111110010100000111101111110000111110101010110101
0100000000001001011000100001000101100111010110000000001011100010
0011111111111110011100001111111001000010111011100011111010011000
0100000000010000110101111010000100111000000001100001011110100001
0100000000000101111011011101111001110110011100001101010110101101
0100000000010000111010010100001011110001010000110011000110000001
0011111111111011001111110001000111000011110010100011110100010111
0100000000001110111100110011111011010110010001000110100100010111
0100000000001000010101011110100110010011111010001001100100011010
0100000000010001100101110000110000100000011110100011110010000100
0011111111111111001100110100101010011010101100000010110011111011
0100000000001011000100110100110000101001100101110010110011100101
0100000000000001001000011001001100110111100010001010000100100011
0100000000010001100001111100001111000011000010000110101001011000
0100000000000001011101110100100010010001011111010010000100001011
0100000000001101001011010100100010110100001000011011011001011011
0011111111111111011100100010000000001010011110010011000101011111
0100000000010010100101001100001111011011011110001000100110101111
0100000000000101100100000111100000001001110001110100000111100100
0100000000001010001000011001011100100101101111101000001111010111
0100000000000000111000101011101100001000110010001000001110010000
0100000000010000011110011001011001001010010110001000110110101100
0100000000000001111011001001110011000011100000000011010110100011
0100000000010001001011010101000111101111101000011011100010010111
0011111111111101111110100000100101100101111001110101100011100011
0100000000001110110000110100011100000010000110100101000110111110
0100000000000100100001111110010100011101010010000010001111101101
0100000000010010000100001001000010100010000001110110100110001000
0011111111111000110010000010110001110011001001111011111010111100
0100000000000110010101010001010001010100111100010100010001011110
0100000000000100001001010100010100111001101101110000000100111011
0100000000001000101100110000100110111110110110001101011010010101
0100000000000010010101110101100111110011011110110100000101111000
0100000000001101110111110000101000101010010101000100100110110000
0100000000000000010010101010001100101110101011101010100001101111
0100000000010010100110011110000000111111110100000010100001000100
0100000000000011001000110110111100010100110110000110111110101010
0100000000000111110110101011100000111110000111101000111011001100
0011111111111110111110100111101111110110110101110111100100111000
0100000000001110011000001110100010111110011000110001001011010000
0100000000000011111110110111000111000111111100101110011100100001
0100000000010001111101100000101010000001110010011110011111100001
0011111111111001010000000011100000110001110110101000001101100011
0100000000000111011100010000111111110011101001001110111011111101
0100000000000100010111000000001001100100110011011110100110010110
0100000000001010111110100000011110001100011000010111011110001000
0100000000000001011100001011101101001001000000001000101010101111
0100000000010001001010111101010001000100010001010011100101111011
0100000000000000010001100001100111100011101111000000011110011010
0100000000001111001101000111101111100101101010000101100010000000
0100000000000001011001110111010010100100100111010111111110111000
0100000000010010010001101101001111010000001001101101101110100000
0100000000000000001011001011110100010001100101010001001000001110
0100000000000111001110000001011100110110011010001000011011001100
0011111111111111011001001110101100001110101010000001110001111111
0100000000001101001111111100011011110101110001101010101000100001
0100000000000011010111111011110010110000100110110000010000111101
0100000000010010000010001101010101111000101010010000010100001111
0011111111111010000001101110100000111000111100100100110000100100
0100000000000111010100101111001111110101000100001000001101111011
0100000000000011110001001010100000010100000001011010110011000000
0100000000001011001110110001010000001011010111010011100010110110
0100000000000000101000110010101111100001110101000011100011010001
0100000000010001011111011100010100010110001110011110111011100001
0100000000000010000110111011100011011111001101011110001111111000
0100000000001101101101001110001000110010010101010101000011011111
0011111111111110000001100001100011110000100111111011111011110010
0100000000010010110111100101100110001110101100101101011000100101
0100000000001000000000101001111000101011100000100110000111110010
0100000000001010110111101001110010101111000000111110101110110011
0100000000000100001000111010101011010001010100110100101100111000
0100000000001111101111101110111101010001001000000001111001110110
0011111111111101100000010101101000010010111100111110111010011110
0100000000010001110110000011011111010001010010010111101011100111
0100000000001000001101011010100110111000001111100001101000101101
0100000000001111110010111010101010001101111001110101111000010101
0100000000000001101111011011111101011010100111111011011101000101
0100000000010001010100000100111010100110110111110001110100111011
0011111111111110110110000100001001101101010000010100011111111101
0100000000001101110100011001000000110111011011000101101001000011
0100000000000010111100110100000100111100001100000100111000010100
0100000000010010000000011101101000100000110111010010110101111101
0011111111111011000100110100101111010100100001010000011011000110
0100000000000111111011101000001100101010001000001111111011100010
0100000000000010110101101011001100100010000001111101001011101111
0100000000001100101001101001111001010000101000110111010101001110
0100000000000000000101101001000110010011011101101110101100111000
0100000000010010011100101100000110001100110000111000001011111010
0100000000000100011010110111011001001100111110101010101110110111
0100000000001001101111111100001010011001000111001100010111111001
0011111111111111101110011100011110001111101010101101011110001101
0100000000010000110100000110101111001111101100100010000100110110
0100000000000011111010101100110011011110010010101110111000001110
0100000000010000101110110000110010010001011010101001010110000001
0011111111111011001010111100101001011100001111111100001111100011
0100000000010000011000010110100010110110100010000011000011010111
0100000000001010011110010001010101101111101010011110101110001011
0100000000010001101010001000111111110000001101011110101011000001
0100000000000011011010010110100111011100011000101110101110111001
0100000000001100100101101100101011100001100110110010110101101111
0011111111111101101110011011010010000010011010100110110110000001
0100000000010010100011101111000111010000001001001011000110011010
0100000000001000101111001001100111111011011100001010010011101111
0100000000001100110110111011000111100100100010000010111000110111
0100000000000100000000011111100011111110011101010110001010110011
0100000000010000111010001101110011110010001010101110000010011101
0011111111111011001110100010011110000010101101001101011001110111
0100000000001111100100011001100000100110110010011111110110010010
0100000000001000110110100010011010010010010001101000010101001100
0100000000010001011001010101001000101110100011010011001100110100
0100000000000000101011101100101110100110001001100101100111000110
0100000000001100111111001001100111011111100001011110001001001100
0100000000000000001001101101010100001100111110100101001101101111
0100000000010010100010100110110001001101100000110011011110001111
0100000000000011101011101111100011100011011010110001010011000011
0100000000001000101100101100101111101000111001110100100000011000
0011111111111111101001010010111010110101100101110100010110000010
0100000000001111011000011000000110101010010010111110010000110100
0100000000000011101100011100100111000001010010010011010101100101
0100000000010001110110101001101010001001001110010010110010110001
0011111111111010010110001000011110110101100001101010100000010001
0100000000001000100011001100011100000000010001110100111100011000
0100000000000100010001010011000111100111110000110100111001110110
0100000000001100110110101001000001100001001111110111110000001000
0100000000000000011101010101100111111000010010111101101100101010
0100000000010010001101101110011100000010110100101010010001011100
0100000000000011001001001001101101010101001110101010100101010000
0100000000001001111101000110110001101101000110000100000010001011
0011111111111110011011000100110101011010000001100110111010111001
0100000000010001001010110000100100101010101101010100101111010010
0100000000000110001100100001110100100111101010001000001010010010
0100000000010000100111100000010101111111001110111110011110111101
0011111111111011100111001000000010010001110001110001010111110010
0100000000010000100000110010110011000110000000011101100000000011
0100000000001001010111111110111010101011001001010001111100001100
0100000000010001100000100101000111111110001001010110001011111011
0100000000000001110001110011000011011000000011111011001000011101
0100000000001100100001011100000110110111011010110010101001111001
0011111111111110001011101001000011010110100110111001000000100101
0100000000010010110110000101001110101011101000011010011011110101
0100000000001000001101010001011111000011001000011100001010101110
0100000000001011001100110011001101000010001100011111111010100011
0100000000000100101111000001010000100011010000001000100010001111
0100000000001111100110101000010010011100100100010001111110110011
0011111111111101001111100110011101101010011110011101000010001110
0100000000010010000100001111110101100111001110001000010000111000
0100000000001000111010000011011011011001001111110101101111001001
0100000000001111011111110111001001011101011001100110100001100010
0100000000000010111110010100000001010101001011111100000000100111
0100000000010001011010011101110010110101110011001001100011110000
0011111111111100000011000100100010010010000111011001000100010001
0100000000001100100101010100110011011010001011101111010101010110
0100000000000101100110011101110101001001001111100110010000100000
0100000000010001001010001110111010101110001010111111100100101011
0011111111111011000110001010100010011101110110011101000101010000
0100000000001110000000011100100001101011000010000100000000110110
0100000000000111110000110100000111010110000110101010111100100010
0100000000010001001000101101101011100101110110101000010011010001
0011111111111111101101110111111100010001100011101010011010010000
0100000000001110100010110111101010100100010100000000101010001000
0100000000000010001010001100010111110111110100000111000110101101
0100000000010010010100001110000010010001100101001110110011110010
0011111111111100110100100101110111011011110010101000000111100011
0100000000000101011110001000111011111100000000001110101110110001
0011111111111111100100001010101110101001001001110001000110011010
0100000000001001011001010010001100101010000110000100111000010001
0100000000000010010111011001100110101100001001000110110100100000
0100000000001111011011111100000110000110110110001000110100010010
0011111111111111010110010111110001101100100110110110110110010010
0100000000010010010011111010110100110101001110100010110000100000
0100000000000100110010111110100000101011011000011000011000110011
0100000000001010101011100011010011000100001011100101011000000100
0011111111111111101111100000011000110110010110111101001000111101
0100000000010001010100111000110010111011101111111101011011110100
0100000000000100001101001111111110100010110110111110100001111111
0100000000001111100010101101001111110010000111000110100011101101
0011111111111011111000111011000100110010101110010111001001111101
0100000000010010000100011001100101010010011000110100010101101010
0100000000001011001100101111010001110001001000101101101110101011
0100000000010000100011011101001001000011110000011101111000111011
0100000000000110011101111101000010111110110001001010010010010010
0100000000010000011010011101001010111001100011111001110000111010
0011111111111101000111101011000010101010001010000001110001001000
0100000000010000110001100001001000101001010011011110011001110111
0100000000000111100000001000000011100100101101010000101101001010
0100000000010001000011011101001111000011001001000111100100011001
0011111111111110001010100111100111000010100001000000100010101011
0100000000001110110100110110101011000010001011011000000110001001
0100000000000100000000001111010010010111100111101010010100110111
0100000000010010001000101101010101010011010110011100101100011010
0011111111111001100100010010011010101011101100101000110110111101
0100000000000110001011010011001010110110100110010011111110101111
0100000000000010111100011100100100111001000110011101101011000011
0100000000001000111101111110111000110000011110111111110011011010
0100000000000001011010110011010100000111110001011000101110100101
0100000000001111010111001001110111101100111100110111000010110111
0100000000000000111110111111000011111101010100110000001000011000
0100000000010010001111111111010000110010100001000011011101111110
0100000000000001011011100001010100100001000100100101111111011011
0100000000001000011001001001000110100100001000010111101000010001
0011111111111101111100111010100011111100101101000000010101011100
0100000000001111101011111111110101111101000000100000001111110111
0100000000000101111000110010000000001011110001010011000010010111
0100000000010001100011110110111101011111110111111110101110111000
0011111111111010101000010101011100001110011101111000100100101111
0100000000001010100000110100110010011110100001100001111101010011
0100000000000101111111010000010011101100100011100001111110100100
0100000000001111001001001101100111101010111100010011010100100010
0011111111111111100110011010111011101011110100100101011101000100
0100000000010010000101100101100101100000010101111101011110111000
0100000000000100110010001001101100111010100001010100101101110000
0100000000001100001101000010001001100011011110100001111011111110
0011111111111111010101001001001100000100110011110000101001010011
0100000000010010001000110111111111101111111001011110001001000101
0100000000000101100011001010000111000111010111011011010110000110
0100000000001100011000001001011110010101100110010111010001111110
0100000000000000001110000111100010010000110001111110110110001001
0100000000010010000111111101110110011011101010111111100110010100
0100000000000011010011111101001001010011111110111110111010001111
0100000000001010110010111011110111010001001010110001011101001000
0011111111111110011110111110110001111000011011100100010011110111
0100000000010001110011010011000111010011101000111010101101100000
0100000000000110011111011011111111100011100101101010001010100101
0100000000001110111101111011100111010011010001110100101100000100
0011111111111111110000101001001001001111010111111100100010101111
0100000000010010001100011010010110101000001111111111101001000011
0100000000000100000110111010110101111010010101011011011101111011
0100000000001010111001001110110111110000111001000011101000001101
0011111111111111100001111111101111001001000110110010010000110111
0100000000010001101111111001110100001000100100100001010000001100
0100000000000101001111000001000011111011010110011111010111010000
0100000000001110011100010111110001110000011101001000011000110111
0011111111111101010011000100000000001001011011111110010010010010
0100000000010010101100111101000101101000100010100100011010110001
0100000000001001101011001011011011000100010010011111101000011101
0100000000001101010000101101101000010101010011010100010010001000
0100000000000101110010100001011010011111100011101111110101110110
0100000000010000110100011010100110001111111001110010000010010101
0011111111111100110011010100110011101010111100110101000000010100
0100000000001111101011111111010010111110001110110000000100111000
0100000000000110011011100011111011010000110010110000111000010110
0100000000010001100010110111100111100110011110001010101100110110
0011111111111010010110101001111111010011111011011001110011001111
0100000000001010101011011111111000110111001010000100101110101101
0100000000000110010100011100100000010011010011001011011101000110
0100000000001111010111101101000101101111100110110010011011110100
0011111111111111111011010010101111010000101111110010100001101100
0100000000010001111011110110000000011101101111000100010011000010
0100000000000100001011101100000011001110101011000111010000111101
0100000000001100111011000010110110111011110110000011011111111010
0011111111111101111100100101010011000011111101111000100100011011
0100000000010010100100001001001100000001010100100001010011111001
0100000000000111111000101111101000000101000110010100001001101010
0100000000001100000111101011000101101010011001001111011100000011
0100000000000011000110001110010010111101101000010100010101111100
0100000000010000111000101101101111011100001001011110101100101011
0011111111111100011011101110010100000000011001100100110010011100
0100000000001111100101101010100110111100101000100001001010000011
0100000000000111001101001000000111100011110100101100011011010011
0100000000010001011111100011110101011110100000100000001011000001
0011111111111100000011111011110111000001000101111110011001011000
0100000000001011100110111110010001110011010100010110000000001110
0100000000000101000111110100000000110110100111010010001110011000
0100000000010000101100010100011011100001010000011111000010001101
0011111111111011111010001100111011011010010110011010111101110010
0100000000010000001001110011101001100110101001101110100001011000
0100000000001000001111101001001110111001000111110100110000011011
0100000000010001100111110011011101101101111101100011110010100011
0011111111111110111110000011111010000110001101001001000100110011
0100000000001010110010100100000101101111010011101100111100101010
0100000000000001011110101010010011110110000111111100001010100111
0100000000010001001000000000101000010000010010101010000101000110
0100000000000000100010110111101110011111101000011000100101101011
0100000000001111100100010100000011011100000100111000010010111010
0100000000000001010100011010101001011001010110111010101100010001
0100000000010001111101100001101100010100100100001111000000100110
0100000000000000100000000000101111001000001110100111101100100011
0100000000001010010000000001000100110100100011001001111101111001
0011111111111111101101101010100011100101011101101100111100010101
0100000000010001100000011110011100100011100000010010010011111010
0100000000000100110011111110011011101100100010100001110011101100
0100000000001110111000110110010011001101010101000000100000000010
0011111111111101001011000011111001010101011000101010010010100000
0100000000010010010110001010100000100100001101100101111010011110
0100000000001001010111111110000101011101101100111110011111100010
0100000000001110001111101011111010101010010010111111111100011010
0100000000000100101111101000111011110001111011011111000000110100
0100000000010001001110011101010001001110000011000000110110001100
0011111111111010000110110100110010110100111011111100111000101100
0100000000001100111101011111101000011010101011001111010000101101
0100000000001000101010110100100011010110011010111110100011101101
0100000000010000101101010000010101100110101000010010001111000010
0100000000000001101101111110100110111111111000100101010011011101
0100000000010000001011100100110100110010100100001000010110000101
0011111111111110110111111010010010101010101111100000010111011100
0100000000010001100100100000100100011100001010101001110000001010
0100000000000101010111101011011011100101111000010111101011000111
0100000000001110111101010011101000111000011010011001101101110000
0011111111111100101110101001011100011010001110110111001110101010
0100000000010010010010000011001011111000110001011100100000111101
0100000000001010001100011101001011000010111101001011010100011110
0100000000001111010101111100111110000001100110010010010111110110
0100000000000101100100000110000101010001110101100010111001101101
0100000000010000111111011011101111100100010100100010111001110011
0011111111111011100100100101000011111100100011111010100101000000
0100000000001110110111010110000001110000001100000101101010100110
0100000000000111110011001010010111100101010000101111110100110101
0100000000010001101001011110101101110100011100001001111110101110
0011111111111110010001100111100000011000111000001011101011101110
0100000000001010111001011011000111001100010111110000000110100000
0100000000000010000101101110111000110011000011111111000011110101
0100000000010001000110011100110110001110010100000001111001001011
0011111111111111000100110100010110100010000110101110000011100010
0100000000001111010011110101010011011100110000000100110100110011
0100000000000011100000011100011101001000100110001010001000100010
0100000000010001111011011010101010011110101011110111111010101101
0011111111111010011011001100100101100011110011000100010110011110
0100000000001000001110110100011000010101110011101000011011001001
0100000000000011101100101100101111010101000000101100001100101001
0100000000001100011110110000111100100001010100101010001000101000
0100000000000000001000010111101001100011001001110000000000011110
0100000000010010001111111100001100101100001001010000001111100111
0100000000000011111011100000000011111011101110110100101101100100
0100000000001010010110010000110011010100101100101110100110010101
0011111111111110100110010010111001111110100101010110011011011100
0100000000010001010011011111011110001000001010001100111101110111
0100000000000110001011111000111001000011011110110011110011001011
0100000000010000010000000000010100110101000001001010011010100100
0011111111111101001100110101011001011000001101011111001110100111
0100000000010001001101110110100010101010110011011001010000100010
0100000000000111100110100001010101100100100101101011101001000011
0100000000010000110011011111001010010110101111011010000101101100
0011111111111111010100011100100011101110100110111010001101010101
0100000000001111101100001001111001101100100011011001110010111110
0100000000000011010101100010100100101100011011011010010101000011
0100000000010001101111001111101110011101100100010010111010001111
0011111111111010101100110010011001001011100101000100100010100011
0100000000001001011111101001111000110001000100110000111010011001
0100000000000100101100000101010100101011111101110000110110000100
0100000000001110100011111100011111001011010001001000111110011011
0011111111111110111100101110101111110101010110001110001100111110
0100000000010010010011000011111101100111010110110000011010111111
0100000000000101101001100011011001111001100010100001100000110010
0100000000001011011011100101001001100010110001111100000111111100
0100000000000000010101010100111100110111101110101101010011100000
0100000000010001100010010111111101110111100010101101100100000110
0100000000000011010001100111010000001011011100110110000110101100
0100000000001110000100000111110000100111111000100011000010010110
0011111111111101010011010111100000101111011100000110001000011100
0100000000010010101101000110101001101000100101010001000011111111
0100000000001001001100001011101011011001011111001011011011100001
0100000000001100110011010001011011001011100000010001011100001111
0100000000000100111000011110110001010001101100011101010010010101
0100000000010000111001011010001111000110111100011110010110000110
0011111111111011000101100110110000111011101011010011010001001111
0100000000001111101000110101111010110011001100111001001110010110
0100000000001001001100001111111001011010110110101101100000011111
0100000000010001010111010001101010001100101010001011010111011111
0100000000000001011010011111101001001001101001011001011101011010
0100000000001101000101000110000011000010000100101101000011010011
0011111111111110101110111001100100010111011110101110100110011001
0100000000010010101000110111111010010111111101010011101110100101
0100000000000110100001001101011111110100000100101011000110001010
0100000000001010101100110101110011010110100011011010011010011111
0100000000000001110101001010010101100010111111110101000110100011
0100000000010000101001101001011110000100111000000100111110010011
0100000000000000000001011101110101010011110011001111001111100000
0100000000010000101000010010111100010110110001011000011111000010
0100000000000011000011011000100101010000110001111010011111110101
0100000000010000110110110001110101011110111001110010010110000010
0011111111111010111010111000101001011001010010011100111001010110
0100000000001111101010011100011001110101010101001011100110010100
0100000000001001011110110001101100011010000111011101100101010000
0100000000010001010110000110001101101000000000000100011101110010
0100000000000010011001101000001101001010111100010000000110011100
0100000000001101101111010110100010111011101001010001110010011110
0011111111111101000110110100010000001001111011000100010000110111
0100000000010010111000110111100000111110011101110001100111010111
0100000000001010010010111001111010111001111000010010001110000000
0100000000001101001011010111011110100110111011011101111000111010
0100000000000110101001110000100010011111001001011101100111010000
0100000000010000010000111101011111100111111001101111111110100000
0011111111111111101101010101000000010011111111101000100101111010
0100000000010001010010100111111100101000010100101111101000001101
0100000000000011111111000110111001000111010101010110001011010110
0100000000001111101100000111110110001100100011110100001110111110
0011111111111011010000111011000111101101010000101001010010000000
0100000000010001111111110101011100111111100001011011010111111111
0100000000001100111100100110011011011101111100101011010100101111
0100000000010001000111101101101010000000001001010001011010001000
0100000000001001010100100101011011001100100110101101111111010100
0100000000010000010000001110001000011110011111010001101101001000
0100000000000010111001010001001110111100000000001000110000011110
0100000000010000110110101010001000010101001011000110101000101001
0011111111111011010101100111111101101011001010110111000010111000
0100000000001111101100010010001110101100110111011100010000001011
01000000000010001