0011111111101100000111011000110000000001100110011001100110011001
0100000000000001100100011100000000100001001101001111110111110100
0011111111101011101000110110100111100100001001001010101000010000
0100000000001110010010001110110010011100000101000000010011001101
0100000000001110101100000110010001110000100001111100110011010101
1011111111110111111101100001001100011010010000101100110010101110
0100000000000011101110010011011011010010100010011110101001100000
1100000000001001011000111110111000101011001100111100100101010101
0100000000000010011010000110011011011010011101010101100010101000
1100000000010010111111101010110110111100101010000100001010111011
0100000000011111101101101111110001000011111011000111001001100001
1100000000010110010111000000101100001011110110010110011010010100
0100000000100000010101111011000000111000110110010100001110010001
1100000000100110111101010101101000100101001001011111110011011110
0100000000000101011110101101001101001101100100110111010000010101
1100000000000101110011101100010000111110011001001101100101010010
0100000000011110011001000110101100000100000010000101001010100000
1100000000001111010100110000001001010001101011010111001100001110
0100000000011110100010101011110110000010110011011101110100101000
1100000000101001000011011100101010100100100010001011001010111000
0100000000010001010001101011111000010100110011000000100101100101
1011111111110100111001110001110001011001010101100001110010001011
0100000000010100101010111000100011010110101010010010111101000010
1100000000010011111100000110000110010100111011111110011111110101
0100000000100001100011011010111011001101010101000101011110000110
1100000000100011101100110111001100000010100100001010001101110011
0100000000000100110110000000111000001010111000101101101100001111
1100000000010111110001110110100000000101000110101111101100110100
0100000000100101011010110100010101101010010111011001000100011101
1100000000011011001010110111111111101101110101110000101001100010
0100000000011010100000001110010101100001111101010011010110001100
1100000000100001100111010111011010110011010010100100101000101000
0100000000011110110011110010000001001000111011000100001110111110
1100000000010011110111000001011011111010101101111101000111010011
0100000000010011100110010110001001001100011101010101001010100100
1100000000100101111101111010110111000001111100101100001001111001
0100000000010101110110001110000011010011101101011000111111010001
1100000000001111001011000001001110001101100101111100011000111101
0100000000011111111101011100100000110100110010011100001111010001
1100000000100011111011111100110001110101111000011101101111001000
0100000000011011100001111101000000001001101011000111111111100110
1100000000001100110111101010100110000101010100000100110110011011
0100000000011110001001111000100000011010100010010111010010011110
1100000000100001001001101010101100001110001100011100001110001010
0100000000011100100011111101110101010100010101010011110000111110
1100000000010001101010000100010110011110110101111010001010111000
0100000000100010001010001100100001000110010111101110111010001000
1100000000100110101001000100011001101111010010010011001010111000
0100000000010110011111001101011110111110001001010001000101110000
1100000000001000110001100110101101010001100001001100101000110100
0100000000011001000001101101011001000100010111011110000101001000
1100000000011000001011000100101100001111111000011011111011101101
0100000000100010110111100110011110001101100001010110000010001001
1100000000100101010100111100010101001000010001011000010010100111
0100000000001111101101110100111100110011011000101001101001011111
1100000000001100010001111000110001110111010110001101001000010111
0100000000011100100100011000101011001010001001000001101111101000
1100000000001010001011010010100001100100101000010111001000010110
0100000000100000011100000110010100100100001011111000001001101010
1100000000101000010000000010011111101000000111000111100000000100
0100000000011101011100001011110111111111110101011001111111100100
1100000000000010000110111000011100000100000101000100100000101110
0100000000010001011111010100110011111101101100110110111110110011
1100000000011110011100010111100111101000001111010011010011011001
0100000000100100110100101001000001001011111101100011111001101010
1100000000011101101101011011000100000100101010101101111101010001
0100000000010101010101110100100000110101000101011110100111011011
1100000000100000010011001101000101010101000001100110001111111110
0100000000101001000111110110011001110111100110100110100100110000
1100000000011011100000100110101111110010011111010110101101011011
0011111111111011010111111011000010100100011110110101110100101110
1100000000010010001011000001011000100101100000011000110001101110
0100000000010110111010000001111111010111001011010010011000000000
1100000000100101000011111111000110010111001100001000101100010100
0100000000100010000101011010100010001111110011011011000010010000
1100000000010000101010000110110111001111010010001101011110101110
0100000000011010100001110111010111101101110101110011101001101101
1100000000100110111100111101001110010110010010011010000101100011
0100000000011111100101100101110110101111100111101011010101011100
1100000000010000000010101100011011100111101011111111110110010000
0100000000010111010110111010100010000101111111001101011000110111
1100000000100101010001110110111011101100110100101101111000000111
0100000000011101011110100100000110100110100010010010100010111101
1100000000001010000100111010000011000001001101100000111110100001
0100000000010110100100001101011011010110010000001111000110100100
1100000000100010001100011000110011111001001101100100001000111101
0100000000011101101110111101100000001001001000110000101111011001
1100000000011000100110011100101000101000110011111111011001000000
0100000000011010001011010100011110010010100100011000011010001010
1100000000100100000001011001001001110111100000000111110011001001
0100000000100010010001100001111001001000100111110111111001000001
1100000000010101101100011111101001111011111111100110001001011111
0100000000010111101111110011000011101011101100010001100100011111
1100000000100101110101000011110000111100100011000101010000001011
0100000000010100101010111111001001001101110011110000011110101111
1011111111110110101011011111001101010001111010011010111000101111
0100000000001110000011101100100011011001011100111101100111001000
1100000000100000011110000011001010100011110101001111100010011110
0100000000100011001110011110110110111011111100011000010010101010
1100000000100001001101001100111011011011000011110111101000101001
0100000000001011110110101110000010111001110001100001011011101101
1100000000011010001011101111001001111001110010100001000001111010
0100000000100101001001011000001101011011111100100110110111101100
1100000000011111100101011100011101010111001101100110111001010111
0100000000000001110101100001100100100100011100010011010011000010
1100000000011000001111001111101011001111101000111111001010000100
0100000000100011000100101000001001010100110000111000000111001101
1100000000100011111100010110001000000001001000101110000101011011
0100000000001000101111110110011010011001001101011000101001011101
1100000000010101101000111000110110001001111000110000010000010011
0100000000100110101010001011011100000111101100111101010110010001
1100000000011010101011011110111001101010100011001000110111111110
0100000000000110010111010000010110101110000011011010100100101101
1100000000010111101010100111010011101000100001110110101111100011
0100000000100010011111101011001110010110110111011111010000111101
1100000000100010010111010110111101000111101010010010010110110000
0100000000100001010000001100110001101100111001010000111101101100
1100000000010011000111100110101100010111010011110111101101101010
0100000000011110110000000011101000110001000100001001010001010110
1100000000100100110000101101100011100001011000111100000000001010
0100000000001101111011010000100000101101000111011111111111110111
1011111111110011010111010000010000100000110011111000110010111111
0100000000010010110001100100011011100010011000101011101100110110
1100000000010010011110001000101010000101110010010100000010010001
0100000000010101011001000110100111010001110010111110011010101010
1100000000100000000101111101010000000011010001010100101100111001
0100000000100010011111010001000100111101000110111100100111001010
1100000000100001000111101110110111001110011101011011000111111101
0100000000001001110001110110111011111001101001000100001101010111
1100000000010010011010010011000000100000011110001101000110010001
0100000000100000010101001111000100111010100101000101010010111111
1100000000011010001111100111111010000010001001110110110010000010
0100000000011011000011101100111101010000111111101011010101111011
1100000000100111110010000011011110111011010011111011010110011010
0100000000100001101101010011101011101100110010000111111100011100
1011111111110010001110101011001111011111010111101010111010100101
0100000000010011011001001111101000111011110110000100101010111111
1100000000011110001100010101100001110000110000000011100110011010
0100000000011000011010101011110111011000010110011110000001001010
1100000000100100101010001011011111011111010000110111011011010001
0100000000100011010100011011010011110100110111101100110100101010
1100000000001001100001010000001011100001001101001010000011001110
0100000000010011011100001000100001001001011101001011101000010010
1100000000011011000111011011110101010111010000110001101100000101
0100000000001010101111111111000101111100011010110011010100010000
1100000000100000010001110010010001010111010001010011101001101000
0100000000100011000000000000100101001011000000110011111100100101
1100000000011110100010010011110001001000000000100011000100001110
0100000000010001011111100011001000100110100101011010001001110011
1100000000010100000011011001000011100000110110011101111010111000
0100000000100011101001111010101011010110001010101000010011101000
1100000000011101000011001011100011101111001110110100110001000110
0100000000000100011100000001110000110000111011111100111001010011
1100000000011000001001100011101001001010000101100100101111101011
0100000000100100001000001001000111011000000110011010110001010110
1100000000100000100010110010011101100000000110001111110111110011
0100000000000111110001011100110110001000110000011011101110000101
1100000000011011000100011001000111100011111100111001110000011101
0100000000100010000011111001001001101101000000011000010011011000
1100000000100001011010010110011101100000000110110110111110101001
0100000000001011100000101000000000000110111101111010101110000111
1100000000010001100111011000101011101101100101101111100111011100
0100000000100010000100010100110101010010100001100001000110001100
1100000000011110011001010000011000100000010000101101010101011100
0100000000010010000111000010111110111010001011000001001010001101
1100000000011110001100000110011100100101011011000101001101110011
0100000000100110110011010000111101000001000010110101100000010011
1100000000011101010001111100100000110100010011001011110100001110
0100000000001111010000000101010010111110000001000000011011000010
1100000000011100010110000000110100101111010011000000001111111011
0100000000100010101110101111101010111001001010000000111000001101
1100000000100011111110110110000111001101110011110100110101110010
0100000000001001110100011100000000010111000100100110100110110100
1100000000010000000000101101111111110100100100011110110011011010
0100000000100100110100010101010110100001011011010111110000100001
1100000000011010100111001101001001110010100110100011010001011010
0100000000010100101110101111010110011110010001100011001001110101
1100000000100110011001100101000010001010010001010111110101110111
0100000000100000010110011111000000111110010101110010010111110001
1011111111111110100101100010000001010001001101101111100010000101
0100000000001110110101001001101101110010010000100010010001101110
1100000000100001110010110101100001001011111000001101101110111100
0100000000010010011010000000100111000111001101000000110011111101
1100000000100001000010101000000011011010101011110111011001010110
0100000000101000110110010000100001010110110010001101101010100011
1100000000010100100101001001101100100001000101000101111111010010
0100000000000011111100011001000100001111011001000000001111100111
1100000000010010100110000000110011000100111011000011110000000001
0100000000011001001000010101011110011111101001000110101101011101
1100000000100000110000101111001000111000101100100000101101001110
0100000000100001001110101001011100110010111011011100010100110100
1100000000000111001110000001000111110011000001100111010001101100
0100000000010110011110100011001111111101000011111101110100001001
1100000000011101001000100101101000011110011011100101011001110101
0100000000011001000011011000001001000011100111011011000010001100
1100000000011110001100111010101111101010000111011010111100100110
0100000000101000010001000010010011010010001010011100110010011000
1100000000010111101110111111100011001000000010011000001111000001
0100000000000111101100010001100011000100100111001010001001010001
1100000000000101100010111111100110110110010001010100101000110010
0100000000010011100010111010011111101110101011000110111001001001
1100000000100101110001100010000111111110011100111101000011101101
0100000000011110010100011010101111000100100110010101011001111110
1100000000001010010000000100000100001110011000110001100010100100
0100000000011100111100110010100101000101010100111110110111000100
1100000000100010111001101101100101000000100101100111110011110011
0100000000011010000111010110010010100100100001011001011110000000
1100000000000111101001010100111111001010001101010000111010000001
0100000000011101000011101101000101100011110110000111111010101000
1100000000100001101000000111111100111101101011111010101110000001
0100000000100001000110010101001010001111010011110000010101111101
1100000000010001101010110011000011111001011001100001111100010110
0100000000010110110110111111101001001111101110010010011111010111
1100000000100001011010011101111011011000011000110001101111101111
0100000000010101111111001000010111101011010110010100100110001001
1100000000010010001000000010110101000010101101011110101111111100
0100000000100100011010101110100100101100100001001110111010011110
1100000000100011101110000101100100001011010001010101110000001101
0100000000010011111101101111100000000011111000101100000111101100
1100000000010001110001100100010110110001100001101100101011001001
0100000000100000010001011011001001000001010101001011101100101110
1100000000100001110011001111101011010011110111101000111000010110
0100000000011000101100000001111000100000100111111011000010111011
1100000000011111111000010000100010011010011000011111110100111100
0100000000101001001010111010100100111000011111011000000101001110
1100000000010110000000110100011001101011011000101100001111100101
0011111111101001101010011101000000111011101010001011100011011101
1100000000001111111010011100111101001111100111101010110001011000
0100000000000101101100110100000101110111111011001101011111010010
1100000000010101100010010010000101000000000101000110011011100101
0100000000011100100101101100110001111010000000100000110000111001
1100000000100100111011010101010100010000000000010000011000010001
0100000000100010001011000101101110000110010001000001100001100010
1100000000000101001001000010011000110001110110111000110110111001
0100000000010011011011001101000101101010111100000001100101001100
1100000000100001101000010010101110001110100100100011010001011011
0100000000010110110010010111010101000100100100111001011011100101
1100000000011110110100000011111011101011000001100100000000010001
0100000000101001100111100001101100111100001111011011110011001101
1100000000010011101010000111000001001111010000000110000110100100
0011111111010111000000011011101101010101010101111101101000100110
1100000000010000000101100111100010101010010000011010101100101100
0100000000001110111010011001100010011110111111000101101110000101
1100000000100010100000010000010001110110011000110100011010111101
0100000000100001101010110100010011100001100100111110000010100010
1100000000011001011101001010010101100111001011111111111111011110
0100000000010010111010111010101111000000011000100001101110001011
1100000000011110110001010111111011010111101111100001111001100000
0100000000100111110000010110101111110000100101000101101000100100
1100000000010101100010010000010100111011011010001101011110010011
0100000000001000011010011111010000110000101111001100011110111010
1100000000011010110100111011110101100110001001111011010110000001
0100000000011110000111010100011110001011010010111110011110111011
1100000000100111001100011011010000001000010001011101100011000000
0100000000100100011010001010111011001100010001110011010010010011
1011111111101111111000000110011110101001111010110101011110101100
0100000000000110101111111011001101010001001000100101000001011110
1100000000100000001110111001000100010100010011000101111000001111
0100000000010100110110011100011010100110001011011001011101000011
1100000000011111100101111000010001101010111000100100111011111011
0100000000100111101111000010011101011101001011011100101010111010
1100000000011010000101100010110100010001110010100000001001000110
0100000000000110100101100110001000000000110100101100110111001000
1100000000001000001110010111110111010000010101100100100001101111
0100000000010111011110011010000010110111100100100111010111010000
1100000000100100011111001011001110010111101101001011110111110010
0100000000100000101001110010101100010111100111000111111111110101
1100000000011100000101110111101000010100101110000001100111001011
0100000000011010110110111010100101000100110010000000001100100000
1100000000100110101000000000110100111011110010101001110100010101
0100000000011101111110010011100110010101000000101111000100100010
1011111111111000011110110101101110001010010110100110010010110000
0011111111111010101010100011100010001011110100101001111011100001
1100000000001101110101010011010101111101111100100101010000011001
0100000000100001111110001001001000000001111111110111001110011101
1100000000100100001001000011001001110011100111001100100111110001
0100000000100000001100101111100100101111111111011101010101010011
1100000000010111101100001000001011000001000101111010010011101101
0100000000011001001111000000101101000111011010011110100011111100
1100000000101001110100110010110101001011110100011011110111110011
0100000000011001001001011111100000110101000100010110100110110111
1011111111111010010010011110000110001110111101011110101100010101
0100000000001110010011000001111101101011110111110011111101110100
1100000000010101110100001100111111011011111100000111111000010110
0100000000011011111100101100111011010011000110100101001110010011
1100000000100011011011000010001111001111100001100000000001101001
0100000000011111001010100001011111101011001101101111000001000011
1100000000010111011111010011000011101010000110100000101011100001
0100000000011001001011111001101000110100110110010100101100011000
1100000000100010100011101001101001000111000010001010101111111011
0100000000100010011100011100100100000100010011100000111100010000
1011111111111111011001010001101110011100110110110101001111100111
0100000000010101101011000010001110001000110110100001110011111101
1100000000100100000110010001101111011011111100101000011100001100
0100000000010011110111100000010101001100010000111111000101011000
1100000000010011010010100010110000101010100110100110110110101001
0100000000100001010100101000101001100101101010010011000111110001
1100000000100001111101100011101100100000010011001001111111011010
0100000000010001000011000011111101000010110011111101100011110001
1100000000010001110101110001011001100100000011000101010001110000
0100000000100100110001101010100000100011010010110110100010110011
1100000000011010101011101010010011010011010100100100111011111101
0100000000010111010110001101010100000001111111011001010110011001
1100000000100101111110101000101110111111010110010001011000101101
0100000000100001101011100001100011011000011101101110101110010110
1100000000000010111000101001011000000010010100101110010110110011
0100000000010001010110000000101011010001111101001110100101110001
1100000000100001000000000011111110100110000110110101101111101110
0100000000011011101110001011111010000001110111000010001011111101
1100000000010000110100000000000010100001100100111010001111110011
0100000000100100011110110001100100101110110011010011011001011110
1100000000100000100111100010001100001111000110110100011001100011
0100000000010011110101110111001111010000111111111100000101010101
1100000000010010001101010110011110000111010010001011110010101100
0100000000100101100101000010010011110111111001000111111101100001
1100000000011100000011101001111010001100100110111110011001100010
0100000000001100001110000101100111110011000101010110110011010111
1100000000011000000101001010101101010111011101110110100001100011
0100000000100101011110111000100010010111110110001100000010110000
1100000000010100110110010100110101010011000011100111101101101001
0011111111101101011000100111100010000011000111101001100010000010
1100000000001011111000100111110101001000101100010000110111011000
0100000000011111101011010000011101110011011111011111001110111000
1100000000100100000010000101100001000010000101010110000011010100
0100000000100100110001111111001001000001110110011101001101111001
1100000000010001011001110101011000000111001000111111101110100011
0100000000010000111101111111110101111011111111100100100101110010
1100000000100100011011110100011001110100100010100000001100000011
0100000000010001110100100010011010110101100110000110110011101101
1100000000010101101010010111000111001011100100011000111111000000
0100000000100011011110001000010101100010000001011010111110100100
1100000000011110100001100101111100011000110100110011111111111111
0100000000011000101011100100101111001110110010110000010101101111
1100000000100001101101011100010001000110110100011010001010000000
0100000000100101100011000101001111110010100100110001001010011110
1100000000100000110110101001110111101011011111111111000001101010
0100000000011001001000110100100100010001011110110111111110011111
1100000000011110111010111110001110011011000101111001110011000010
0100000000101000110001011000011010000010110011111000011010111101
1100000000011110011110000100110010011110101011101101000100010100
0100000000000011001010111010011101111111011100111101111011101001
1100000000001101100011111110101100000111101110001001010010100011
0100000000010011001001011100011011101111000000111010100011111011
1100000000100011010100100001011110011011111001010111010100110110
0100000000100010011100101111110111010000010111110100000011100010
1100000000011000011100111101110100011000011011100101100111111000
0100000000010101011011000011011110011010101010100010001111011100
1100000000100000110110110101100100100000110011001011101011011010
0100000000100101001000101010011011110111110011100110011001010101
1100000000100010110110101111111101011001100111000111111110100101
0100000000011000011000011000010101001101101111110111010011000100
1100000000011011000110111000010111111110100000101110111110110010
0100000000101001000101011000110000010110011000110100010010101000
1100000000010110010010101101000000010110100001111010000100001111
0011111111111000100010000111011101000101100010000010010000011100
1100000000000110110000000000000110111011110001010110001101100101
0100000000001011011101011111110101000001010110011000000110100110
1100000000011010111111110001111011110001011101010000010111010011
0100000000100001000100110111001100001010110001101100111000110011
1100000000100001010010001001110001110111100101001111011010100000
0100000000011001001001110100001001101111111100110000110001001110
1100000000010000110110011111000111101100110101001100000010011000
0100000000011111001100001011011101110110100101111110110101101100
1100000000100101010100011111110111101010101100111000101101000000
0100000000010100110101010101000111011001101111011010110010010111
1011111111111000100111101001001100111101010011011001010011011111
0100000000001010111000000001101110101100011101101001000111011001
1100000000011000100001110111001100011001100110110011100101001011
0100000000100001110000010000111001101001000000111011110101001010
1100000000011101110011101111001001111101000001000010001110001000
0100000000001001110000011110011011000001111100011110101011110011
1100000000010011001011100011111100001110111010100111000001111001
0100000000100100011011001011111110011010100110011010010100110100
1100000000011110111001000101010101011000010011111100010010111111
0100000000011011111111000111011110101100110000110000000110100110
1100000000100101101110111010011011010000011010001110111100001000
0100000000100010111001110001100000010101110110000110011101111000
1100000000000001000001001001011110001000100100011011100100101000
0100000000000100001010101011101011111000101011101110010100100010
1100000000010011011100001011011100010100101011111100011010101100
0100000000010001011110010111000111011101111011111001001000000111
1100000000010111001000010110110110111111111101000000100101011110
0100000000100011000001111100101011110101100011101100111111111110
1100000000100010000010001110110001010000000000100100011111011000
0100000000001110111111111101101101110110100000001001011100000111
1100000000010000011001110101100100001001011001110101111011100001
0100000000100100001001001101000000000101101100111001011011010101
1100000000011110111011011110011101010010101011011111110101010110
0100000000011011101010001110101111101001011110011111010111000011
1100000000100010111011000010100100111101011010011101111010100101
0100000000100100101010101110111110000111100000111000100010111100
1011111111111110000110010000010001001011100010001001101100011001
0100000000000011000110010000000001000111001010101000111101000101
1100000000011010111011000011110010100000001100101000000001000011
0100000000000111001000101111010100010110100100001110110110111110
1100000000011011000011100110010110000100001110010001000100000100
0100000000100100011100101011110001001100101101111110011101101001
1100000000100001101100100101011100101010000011001010101101110100
0100000000010010001010000100111001000101111101111110100111000111
1100000000010001111100111110111011100111111111110100010001000110
0100000000100000000001010001110111000011110111110000001111110000
1100000000100001111010101111100001101010100001100011000111110111
0100000000011000000011101101100110100100000010011100101001100001
1100000000100000011111100000100111111101000000000001101001001100
0100000000100111110110010000001000010101010111100001111110101101
1100000000011011001010100111001000100110101011110101110100011111
0100000000000110010101000110101001111101111011010111000111011001
1100000000001100001001010100110001110001111010101001001110001000
0100000000011001010001110101100001100101110111010111001100000000
1100000000011101001100001001001000110101010101101001000100001000
0100000000100010001001010100111010001010101001010100111000010101
1100000000100100010001000000000010001000010001010000011111000111
0100000000010011001101001000110100101010100011001000001001010100
1100000000010111010100100111100011110110111100110001010000010101
0100000000100111110100101110001001110010010000000010101111101010
1100000000011111010010010111111000010010101001000110010101100000
0100000000000001010100100001010100111111000000001000010001100010
1100000000010001000010011110011111111100011110001000110011110111
0100000000011010111101110110010000000100101100111000010111101110
1100000000100000100011011110110001010100111101011100111010010001
0100000000100011010000001001101100111001000111100100101100001100
1100000000010000010011101100100001010010110101001101001000000111
0100000000010100111001101011100001000010101101110101101000001011
1100000000100111010101000001011110111101100010000110011000101100
0100000000011001110111001001100101101101110110111001100100101011
1011111111110101110100000001101010010001100011110111100111101001
0100000000010100000011000110101010000011001111101011111100001000
1100000000100001001111011101101000011111000111011000110011001111
0100000000100010101010110110000011111001001100000110101110011101
1100000000100000010011010111101011011101100111000111001000100101
0100000000000011000001101011110000110111110111101000011100110001
1100000000011001111111101001111111000011110111101001011010001111
0100000000100001000010110101000101100100000001010011101111110000
1100000000100001110000111101001010000001010100000010101011111100
0100000000010011010101111111011000001100010011101100010111000011
1100000000011110011101110001000001010001000010010000100011100110
0100000000100110011101101111011000100001010110101000111111001110
1100000000010101001010010010101000101111101110111001110101110101
0100000000001000011001110100110000010111011110100011101010100111
1100000000010010010110001011001110011101001011101111001001110011
0100000000001011110101001001111010000001000110100010011111101101
1100000000100001110000001000111010110110000000010000110011110000
0100000000011011100110011001100000110011101001110111101100010011
1100000000100000101101101101010111100101110100011011010110110100
0100000000100011100000111011000010010100111111101010101011111011
1100000000011111011000001000010101100100000001010011110100001110
0100000000010001111011000101000101011100111000000101100001010101
1100000000100001100011000011011111100110101011110000101110101000
0100000000100101101011110010100100001001111111110111110001101110
1100000000011010000110101111111100010011101000101101111011101001
0100000000000010010010110110100110110111100010110010110010101010
1100000000010001101000111011011111111000011111110110100001110000
0100000000011001111010101110111010101101110011101011111000101100
1100000000100101101011001110010100011011001000000001111011010111
0100000000011111100100010011000110110010010100011011010011011100
1100000000010110000110111101100100101111010110110010110100100111
0100000000010111010101101000100001001100001110001110100000110010
1100000000100101101111000110011100011111110100101110101001110101
0100000000011001001111111011011111011111010110101011101111011010
1100000000001011001011001111100101111100100010111111101010100001
0100000000010010100110000010111111000010001101101100100111000100
1100000000011010110110011001011000110101110111000110110111110001
0100000000100011111001001101011110111101100010111010001011011100
1100000000011010001001111101100110100100111110110001001000001011
0100000000000011111000111110010010111111000011000000110101010001
1100000000011011010001001001000110000101011100100000101101000100
0100000000100100010011011111110110010101101010111110010000110111
1100000000100000111010101010101011100101111110000101100101000111
0100000000000101011110010010101100011011011000111110001001111100
1100000000011111000000101111011111001011011101101100111001100001
0100000000100010111100000010111001000101000111101011101000101110
1100000000100000011011101111100011010111110011000001111101010001
0011111111111111011111100110010010101010111100001010010001101011
1100000000010100011011101000101110101101100000011001110110110111
0100000000100000111001011100111011100000010011110010100101100010
1100000000100011000111101011010110001011011011111111001111011010
0100000000010010010100111101000000110001000110000010100111010100
1100000000011000110100010011111011100001010100011100001011111111
0100000000100111001111000000111001001011011010101111100101110011
1100000000011000001001100101101100100100000110001010010000110011
0011111111110101000100110010000100011101010101101010010001011010
1100000000010101101101110101111111001101110001100001111100100101
0100000000100000110011010010101000000110000100001110110101101011
1100000000100000101110110101101011100110010001110000011100101010
0100000000100100001111100101010110010110011111010011010111100101
1100000000010101110011101000010010010010011001111111101101000011
0100000000011010010010100101101101011111001110110101101010010110
1100000000100011001000100000011001111001101100011101001100100010
0100000000100001101100101110000110011110011010110010000100011011
1100000000010100110011111111001010101101100010010101010000010000
0100000000100000000101001100111011011100000110010100100100010110
1100000000100100101110000101101010100100010100110011010000000101
0100000000010100101001011101110001111001110110100000111001000110
1100000000000011100101011100101111101110101100101001010101111100
0100000000000101011110110111000100101010000011101011000011111001
1100000000010110011111001100001000010000101101100011101111001101
0100000000100001011110010000001010110010101001111110111110111100
1100000000100010000001111001110000000010110010000100101110000100
0100000000011101001000111101101011101001101010000110011100011101
1100000000011011001111101000001011101110000101101110101011011101
0100000000011010000011100001101110010101110100001110111010111011
1100000000100101001001000001001111011110001010100101010111110110
0100000000010100001110000001010110010111001111010100111111101010
0011111110111100001100011110110110111101100001010101010001111101
0011111111111000001101011101010000011110100101011010101101101111
1100000000010011101110110101101101001001000111100100010000111110
0100000000011000010001000001100011101011101010110010001111011001
1100000000100100001000111000110001110011100010001111010001000010
0100000000100011010001010000001000110100111110110011011111110010
1100000000010110011011100001110111110010011101001010110000001100
0100000000010001000000000111101000010110100110010001000100001010
1100000000011011001011010011010001110000100001101111011101010100
0100000000011011111111001010011000101101110111110111011001000111
1100000000011111000100111111110011001011011010011010100011101010
0100000000011101100110101100100000101110100001010111011101011111
1100000000011101000100000100101110001100001000001011001111111110
0100000000011001011001110110000111100010011000000011000011111110
1100000000100001011001010011101100101101001010010110010101111101
0100000000011110101111111010100111101110011001110110100101010010
1100000000010011101001010110110011010111011111000110001110101111
0100000000011000000010010011000110011001100001010010100001011010
1100000000100001000111001101010101001101010010010000001011101110
0100000000011000010111101100111101110110100000101010111011001100
1100000000010011010000011001111101111001110000111011011001101010
0100000000100011110101011110001101010001101111111100000101000101
1100000000100111001011001000100101010101000000000000110100011111
0100000000011000011011000000001111001111100001110101110101110110
1100000000010100011001100101111111101110110101100101101100101110
0100000000100000101100000010010111001011000001011111011110011100
1100000000100001110110101000100011111111010011000100011001110100
0100000000100001000110011111010110000110101111010001110000100100
1100000000100001011100111010111100010110111010101101011111000111
0100000000010011101001000101010100111110011101001110001010111111
1100000000100000110101110011101000100100000101010110110111000111
0100000000101001000010110011010011111010000000001100010100111011
1100000000011010111001001001111011111000001011100100101010000100
0011111111111101110011101101010110011001101000000111011011011101
1100000000010010001111001011110011011110110010000100011000001010
0100000000010110110001000110000101000100000001110001000100000001
1100000000100010001101110000001010110000011100000011110011101010
0100000000100001001111111010000101110110011101011011011100111010
1100000000010010001100001101101010010001110000010011100001000001
0100000000010110000110011011010101000111001101110101001101110101
1100000000011110101010000111011010011001000000111011111011010010
0100000000010101011101001010100011111110001110100100011100011110
1100000000011010110000010110111111001101000101101010101010100001
0100000000100101101010010011111000100110100011100110011110000110
1100000000010111001000111101100100111000001000000000101100010011
0011111111101100110101001101000000111101010110100011111111001101
1100000000001010111011010110100111001010100110011110100101011011
0100000000011111100010101100010100100101111000010110011011101101
1100000000100011110001001001100100010001101010101110100111011000
0100000000100100100100010100011011000001111100100111010111110111
1100000000010000000110101101011011010111011001001010010000101100
0100000000010000111111001011101001100101101101101100110011101111
1100000000100101010110001010111111101000010110010110000011001111
0100000000010001100000011011010110001010000110000111110111010001
1100000000010111101010110001011111010101100000100000011100010001
0100000000100010110000111101000000101010100111101011000001111000
1100000000011101100000001001101100110011111010101000100101011100
0100000000011111001111000100001110011010010001100010010111100001
1100000000011101001001001101000001000110000110001111001101110001
0100000000100010100011011000001011010101100000001001100111100101
1100000000011100100010001100001101001110100011001011110010111000
0100000000000100110001110111010011001110011011111001000111110111
1100000000010000010001000110101011011110101010111011111101010110
0100000000100100010001111000111001010011010100111000010111100001
1100000000011000110010010011000001110000000101011010011100000010
0100000000010111110111100010101000101010101011111110001010000011
1100000000100001001000100100111100111001010101101001101101110010
0100000000100001011110000101110110001111001000000111001001011110
1100000000001001110001110111011111101000000111000010010100010011
0100000000000111111010101001100010111100101000100101100001110101
1100000000010111110001110000001000100110101011000111010001111110
0100000000010000011001010000010010001000111100000001001110111100
1100000000011101101111000100010111010111000011110000110011100111
0100000000100101000001101100111110011010010111100101110000101011
1100000000010100111011111100100011001011000101010010100010011101
0011111111101011010010110100101011111100100010011001110001000010
1100000000001111010001101100011101001110111101110011001111010111
0100000000011000010000000100101001011101100001110100110110011100
1100000000100001110111101101100100110010001111001100001110100110
0100000000100001011111110011001110100100100010100001110010001000
1100000000000011101100100110111001011011001100110000101101101101
0100000000010101101101111001111000110110000000000010111110101010
1100000000100000000011011100011100110010111101000111000000100100
0100000000010010111110100010011000001010110001010111000111111010
1100000000011110101011010100010001101000101101100010010101101100
0100000000100101010101000010001100010101001100000100110011010100
1100000000100001000011010000010100010110111010001111100110100001
0100000000000011011110110011010010101101101111010101001001011011
1100000000010000010110001110100010100111110000101011011100000101
0100000000011101101011110000000010110110111000001100001010100011
1100000000011000111111001000111010110101110111010110010100101011
0100000000011000101111100001100111000011110100110001001011100010
1100000000100110011101100011111111100010100100001001011010101001
0100000000100010000100011101010100011001111101110000100110010111
1100000000000011001110011100110111111011010110111001101111010101
0100000000010001110011101111010001101011000001100011001010001000
1100000000100101100011001110010111110101011011011000010000110011
0100000000011000110010110011101110100011111101011101001111111011
1100000000001111011000101101111010010011010011111111001110000010
0100000000100010101101110000110111101111001101111010111111111000
1100000000100010111100011110100111001110001110010111110000000001
0100000000010111001110000111101001100110000010101010010101111001
1100000000011110011110100110000000111010000010011000110101101001
0100000000101000001111101010001001001001101111000100011000101111
1100000000011100100010101000100100010111010111101000010101010001
0100000000001001000011010010111101101001110101110011101001111001
1100000000000110111011010101000100011110010001000011000110011010
0100000000100000100111001110101111001000011111110010001010111000
1100000000100011001110101011110011001111011001010010011010011111
0100000000100010000010110111101110111001000000011001000001101001
1100000000011010110010100000001000010010111000111000100011110100
0100000000010100001100110101100000100111011010000000110100000011
1100000000100001111111100011011011011001110101100001100100010010
0100000000101000011101101111101110011100010000000000001000110111
1100000000010001010110100110011000110010110001000001111100001011
0011111111111100101101001011110111011011001001010110000111111010
1100000000010111011101101011010111000001010101100011000011101001
0100000000011001011011011011111111011011110100001100101011101001
1100000000100101111000010100010001001011000011100001010101010010
0100000000100100100110010100011001111111010011010010101101001000
1100000000010011010100011111101000001110001000110111010100101011
0100000000001101111111001001010110000101110001011011110010011000
1100000000011110001100101101001101110111100100011010110111000101
0100000000010101010011000011001101101101011111111000101100001001
1100000000011011001101111111111101110111110001101111000011100000
0100000000100100000111010001101011101010100011101000000000010010
1100000000011011000011111111110001001001100101011000111101111000
0100000000001100100001100010111100010010011110101111101111010001
1100000000010111101100101111111101111001001101000011100000010000
0100000000100011010100011010010011011111110000001010100011110001
1100000000100011100011110011010001001010111101110111100110111000
0100000000011010000110011111001111100100101110011111100111111000
1100000000011001101101001000001000100110111111011100001110011110
0100000000100100100001000001110100001111100010111100000110011000
1100000000100000001010101000011101111100000101111011011101001110
0100000000010110000011100101001101110000101110001001001000000011
1100000000010111111101111010100101101001101110100001111110010001
0100000000100100111001111011101011111101101100010101000111001000
1100000000010100110011011110000000001111100110110011010101111010
0011111111110011110010110101110110100101111100111101110100011111
1100000000001001100001111011100010101110111111110011110001110100
0100000000011101111110111010011000101010001110100100100101110001
1100000000100001011001010101011110110001110000111101100011001000
0100000000011111111101011101101011101010000000110100011011000110
1100000000001010010101000010010000101101001011101011101111101111
0100000000010011110101110111100011001011001101101011000000000101
1100000000100000111110111001011011011011010101000000111010111001
0100000000010101101000100111101001101110010010110100101101011011
1100000000011001001101100000111001011011111000111111101000110010
0100000000100011011101011100100011011100000001100110011110101111
1100000000100101100010000000111110111101011001011001111010001100
0100000000010010101110011011011011010000110110100110000001110100
1100000000001101100010000101011100011000110100110001000001011101
0100000000100001000100110101101001001011110100010001010111010111
1100000000100001101001101001100101001000101101101110111100000010
0100000000011101001000011110001010101000011011100001001111001000
1100000000010111101101100011010101001111110000000110001110101011
0100000000100011001011111000001010010011111101010100011011010110
1100000000100010100001011111001011111111011000001100001100101010
0100000000010110110110001011100011010001011111100000010101101110
1100000000010111001110111000010111001000001100101101110110010000
0100000000011111001110010010010011101001001101010100001000011000
1100000000100101010000000101001011000001001011100101011101001001
0100000000011111000010011010001010101100011010010101001100101101
1100000000011011000000100001001010011010110100011011011010101111
0100000000100101010000111100110011001100110110111000111011101000
1100000000100010100010010010110111111101110010101000000101010000
0100000000000100010001110000101100100101011011010010001101001111
1100000000010001000000011011001000100100010000001010111111110101
0100000000011000111010110111111101111101101110101101011100010001
1100000000000110001011111100101111111011101011011111001111001110
0100000000011010110111010000011000001101101111100110100010011101
1100000000100001110110101011011111001010110010100001000010101010
0100000000100011101000011111001001011001011101000011101100010010
1100000000010110011010100100100110100001010110000101001100011000
0100000000010101101110100110101000100000001010100001011000000010
1100000000100000111110011000110001000010100011110001100011100001
0100000000100101111111111001100101100101110101001000011010101000
1100000000001111010111001111101000101111011101011101000010011011
0100000000001011111001110001001000101110001011100100111001101100
1100000000011010111000100100101110101100100010001101000000010010
0100000000010110110010000011111001010111010010101101010010010110
1100000000100011001101101100001001000010101101001001000101010110
0100000000100100011001110110101000100010100011100010111101110110
1100000000010000101000110101111101110111110110111001011001110100
0011111111111110100101001010011001100110000101000101101110001011
1100000000001001001100011011011111100111011110111000100000111110
0100000000011010010101111101101001011100000000100010110111010001
1100000000100000110111100100110000110011110000100110001110101010
0100000000011110111000111010100100001010100010100110101101000111
1100000000010111011000000000111111110011100010111010011101111100
0100000000011000001110011110000000010001110110100001111001010101
1100000000100100001010000111001010110001011101101000001100110110
0100000000010101111010111111110011110110100101111110010000000010
1011111111010100010000101010111101111111101010101011000001101111
0100000000010000111001011011101110111111101011011110000011001010
1100000000010000001111000001111111110001100000011100011011101101
0100000000011101011011110011111010100001010111011010111111010010
1100000000100110010000001100110000000010010101110110100111010110
0100000000010011100101100010011111111101000000010001111100101100
1100000000010001111011100111110111101011100010001111101011010010
0100000000011101110010000111100110010100000111011110100011000010
1100000000100010010111101100000010000010100100001111001011000100
0100000000100111011101011001010001110100000110101000011011000000
1100000000011010101011111100110010001101010111110111111110001101
0100000000010000010110100010000101111111111011111010100100111001
1100000000100000001000111000001111100100100100101010000000111010
0100000000011111101001011110010110001001011110011100001000100000
1100000000100011101001101010101111101101101110001111001001101010
0100000000100000011000000110000001111010101001001110010010000111
1100000000010100111000001001000101101111101011000011110001101101
0100000000100000110101110001001001010011100010110101000010110010
1100000000100100101111101111011011101010011111000111011010001000
0100000000011110100010010111000000010010011011001001100011011101
1011111111110000000111101110101001001000000011010000011111000101
0100000000010000000010000100100100100000100010010110101001110111
1100000000010100111011001011000001000101000100011111110110101011
0100000000100000111101011101110001101110011101110001011001111001
1100000000100110000110010010010111011010100001001101000011001001
0100000000010011111110101010111110110001101000101111100101100000
1100000000001001101010010011111010011101001101011110111111111101
0100000000011010010101010100110110101100110101001100110111111110
1100000000100011100100010100111111100001111001111110000011111101
0100000000100011011010010111100100000100010100111011001000101110
1100000000011010101000111011100010001100011100111001100101011100
0100000000010101111111111011100001110000010110111010010101101010
1100000000100001101000011010010000111001110111001110010011101100
0100000000100011111010111110001101000011011000011111110111110100
1100000000011101011011001001110010000010011110001100011001111010
0100000000000110101010100110111101100100111001111110011000010010
1100000000011011011001010101100110100110000101000111000000010001
0100000000100011101100010000101100111001100010010010011000100001
1100000000100000110000111110100100010010011110100111011011110010
0100000000000111001110100110101011111001101011100001011010000101
1100000000010100110101111110111101011001101100111010101101011111
0100000000100011000011010001100101010000010101111100100011000100
1100000000100000011111011001011111101111001101111010000001000101
0100000000001110100010110010011011010011011001000100010110101101
1100000000011000010010010010111001111001100100011011101000110111
0100000000100010100000000111001011011110100101001100000010000101
1100000000100010111111001001000011100011111110000001010110001001
0100000000001010010000000010000101000011011101110011011001001010
1100000000011011111110011101111101101011110110011101101110001101
0100000000100100010100101001001110100101111111110111100111001001
1100000000011011010011101101110010101100100111100000110101101000
0100000000010000111000000001000010100111101100010111101110101110
1100000000011001111011000001000110101101101011001010010111111100
0100000000100011100110001000000100101010011110000010000001111001
1100000000011101001010011110001011001111100100111110100011010110
0100000000010010111110011100110000011100000011110000000001010001
1100000000011011110101100000001000100000000111011111001001010001
0100000000101000110110110111101101000010010110111001111000000010
1100000000010111101010011111011100001101111111011001100100101111
0100000000000100101111111110101101110101011110101010001010111100
1100000000010001101001111111010000010111011010101111100100000011
0100000000010100010100001011000011110110000010011111110011010010
1100000000100011010110001100111010000011100001010001000011000010
0100000000100100110101000000011000010010011101001001101111001111
1100000000001001011111110101010010100100101001011100000011101000
0100000000011000000111101100101000110011100110101011101001110001
1100000000100100001101001111110100010100100001001111000100101100
0100000000011010100111000101010101100110111001010111011010001000
1100000000010111000010011010010000100110101011010111111001101011
0100000000101000011110111100110000100010110011101101110110111000
1100000000010111110010111110101011011111100001100101001011010111
0100000000000111101101101101110011011001101100001011000001000110
1100000000010010100010010100101000010100011010000000100100000100
0100000000011000000101010010000110110100000010000110010011011011
1100000000100000001001110001011010100011001001000111011100110010
0100000000100101100100100010011000011011011100011101001001100101
1100000000011000000010110101001010111110101110111001011000111111
0100000000001110010000100101101100110010110011001110101000010000
1100000000100100011111111110000101100011100101110001011110000111
0100000000010111011110111000101010000100110010111010101101000001
1100000000011010011101000111010101100001011110011110000010100100
0100000000100000010111010011011110111001111110100001011110011100
1100000000100101011010101100001011111101000010000110011011100110
0100000000001011001100000100010101000001100101010010101011101111
1100000000010011010010010000001101001010001000011011100011110110
0100000000011000000010000011010000100101001011001011100101110100
1100000000010100011110111100110100110000010101111000001110101101
0100000000100000110101001110000111100100001000110111100011000000
1100000000100011101010011011110101000110110110111001010001011010
0100000000011000001001011011100101010001111111101011000011010101
1100000000000101110011011010000100101001001000111000110010100000
0100000000010010100100000101000001001010010110110010001100110101
1100000000011110010001011001010001000100011010101000110000100010
0100000000100110111100001011111111011011101101101000110101010001
1100000000011001011111010101011011111110101101001101110000111111
0100000000010011010111110110000000001111100100110001101001010110
1100000000010111110100100101101011001011001000101110000100110011
0100000000100001001110111000011100111101111110010001100010100010
1100000000100010111000111001101010111010001100000001110000010110
0100000000000111000010110111100000010100000110100011101101100011
1100000000010101110110110110101100111110011011101110001000100010
0100000000100001100010000111111110011000000000001000101011110001
1100000000010101101011100110111000010000100101000001111010101000
0100000000011011000101000100001000100001011010100011100001001000
1100000000100111110110010100111110101010101000001001001011111100
0100000000011101101001100100111101001011100010101001111011100101
1011111111110110001100100000100010011111000101100001110110101011
0100000000010101110011001000010110010111010001101000100100001100
1100000000100010011010000001010110101010110010011010100101011111
0100000000011110010001110000001110111010101111000010110101010010
1100000000100000010001000011000111010000101000000100000111000111
0100000000100001101110011000011111111011111010110101110110101011
1100000000100001101100111001001001000000001101111011001100101111
0100000000011110111001000000010010011000111010111100000011110001
1100000000100000111110101000111010010001001011011011010100011111
0100000000100000000000010101010101001010000101001100000100010110
1100000000010001000101111100100101100111111011001001000101110001
0100000000011111110100100101011000011100001101100111111110000111
1100000000100011111011110111110000100111100001110100101010011010
0100000000001111101000110011100101111011111111110000101101000000
1100000000000011011010101010111000110101011010000100001110100111
0100000000010110110011101011011011010010111111110010011100100000
1100000000001110101110111010110101101110110001100000101010110100
0100000000100010100100011000100100010010111100100000101100100100
1100000000100000100010111010011100001010000100001111001010001001
0100000000100000100100000111001111101000000000011010111000010111
1100000000011000100100000011111101111011101011100110101101000010
0100000000100100001101111100001110110010001000101111111001100100
1100000000100000010100010001010100110010000111001000101101110110
0100000000001100010010111100011010101000011010110010111110101001
1100000000001111001011110000101011100001000011011110000101101100
0100000000100001011000100110011010010110101001011111100100110100
1100000000010100000111110110000111111110101101001101111011000000
0100000000100000110101010001111001111011011101110100010110101000
1100000000101000011010101110101111111010001011100110000000001010
0100000000010111001011100111001011101111010110111001110011110011
1011111111111111011001010001110101001000110100011010001110011110
0100000000000010011010110110110000010101111001010001001001110001
1100000000010110000011100101010101110000110001101001001101011011
0100000000100001011101111110110001000110010100101101100011011000
1100000000100001011001001100010111111010010001111101010000110010
0100000000100000100011100000010110111101000101010011001000101011
1100000000011110110011110111000111001101100000000110001110111011
0100000000010101111000101001001000111101010011000100011000101110
1100000000010111011011110101000011101010000100001011101000000100
0100000000100100001110000100101110100111100111001000101110111101
1100000000100011001101000011110000111000101101100110011101000100
0100000000001110101100111101000101110011011111110100100001000100
1100000000001101110110101101110010101000101110001000001101110010
0100000000100001000000110010101110011101110111100100100101011101
1100000000010101001000111001011001011001000011011100110111001100
0100000000011001110001101101100011000010011001100011101110101011
1100000000100111101010000011000010001100000010000101111000000111
0100000000100001000001110100101010101001010001100100010111100110
1011111111110010001101101011010111110000001111000011100001010011
0100000000010110011010000110110110010100111110101000100111101110
1100000000100010011001001010101111001011010010011100001110101000
0100000000100000001111001101000101000001011001001011011101001100
1100000000011111010101100000101101000011010110110110101000001111
0100000000100100110100001001101110000011001000100110101011100101
1100000000100000011000010101001100010010010110000011101001011111
0100000000010101011001001100110111111111011101110010001110010101
1100000000100001111110001000110101111010011111101001011101010101
0100000000100101000100110000000100010001001000001011101100001110
1011111111111011111000110000001010110010110100000101000100011000
0100000000000010110111011011111011000110111100011001011111010001
1100000000011000111101000101000111100001010000111100110110100011
0100000000001110101110100110001000000101100101001010101010011111
1100000000010111011111100101001000000110101010001111011011010110
0100000000011011111111010001001001111110000100101110010101101000
1100000000100111110101010101011101111001100110000011100111111110
0100000000011000010001011111101001111101011010001000101110001111
1100000000000010001011011010101101101100010000101101000101100011
0100000000001101000000000110110011010000010010111010100110110010
1100000000011010000010010111010101111110000000010011111000001100
0100000000100110000010110100001000010001101011011111100110000100
1100000000100001010110000000001000001111111010000110111100101111
0100000000001011000011111101111000000101000010101111011000100000
1100000000011100111101100010111110111110000100101011000010000110
0100000000100110111000010100101011100010101011111011011111100001
1100000000010011000111100000110100010101110001001000100011100000
0100000000000001100000000111000100110010011011111100010011110011
1100000000000101011010100001101111101111110100011101111011111011
0100000000010100011000100111111000100101010101011010000100010000
1100000000100011001001101001101101010010101111010100010001000111
0100000000100000111110101000001001011011000101110110000011110001
1100000000010000011111011010011000110110111101001011010011000001
0100000000011100100000110100110001111110101000110011000010110101
1100000000100101111100001001110011000001011011001111001110001101
0100000000011110111110100111000100010000001111100100101001011000
1100000000000110100000101001100010111001000100010000011100011001
0100000000011100010101011110000011111101111010111111101011000001
1100000000100101100110000111110100100010001100011000000000011101
0100000000100100110011100110011100001010111010111001010101101011
1100000000001001110000101111010001101110111100001100100001001001
0100000000011001101000100100011111110111001010111110101101101010
1100000000100110100101011111100101011000110111001010110010010101
0100000000010100011011101011011011011000111011100011101000111011
1100000000010010010000010000011110100000011011111110100101011010
0100000000100000110001011000110010110110000100011010110100110110
1100000000100100101011100101000011100111100100011110010001001001
0100000000011011100010001001000110010011000001000010100110100010
1100000000011110100101000100000011111011111101011101001011001100
0100000000100000111110100101111101100101000010010101011001110111
1100000000101000000001011101011011000001100111101111010010101001
0100000000011001011011101100001001000001101101100001111111001110
1100000000000111001010000001001010000111001000011110110101011011
0100000000011010011001000010101111110111011111100100011111010000
1100000000100010000000111001101000110010001000011101110110001100
0100000000100100100011110001010010000011001110001100110000010111
1100000000100000011001011101110001001000010000001001100111100011
0100000000000000100010011111000011110111010011000000010101010010
1100000000010001001101110110000110110011010100101010111000001100
0100000000100010110010100101010111000010001001111101000110001110
1100000000100010001100111011011011001001001100001011111010001011
0100000000011111100101001011000111010111100001000011010000011110
1100000000010100101101101110001000000101110010000001011111001001
0100000000100001010011010110000110100100011110010000001001010111
1100000000100100111010111001000011001100110111010011001010000011
0100000000010010111010000110101100000110110001101010010001011010
1100000000001010100010110111010100011000110111000000100100011101
0100000000011001111010100010101001101111111001001011010010001000
1100000000010011101011010001110111111100011011101000110001100100
0100000000100001111101000010100001110000111011110010001100010010
1100000000100000100010111100001011001001110000110111010101000000
0100000000001011011010010100111011011111011100010101010100011001
1100000000010101100010001000111101000100110100101001111111110110
0100000000011101000110100101000101111001110001001110100010001000
1100000000010110100100001100101110011000100011101111011000100010
0100000000011111101111100110000111011010100100001110111101101100
1100000000100110001000010011010101101001011101011111010000011000
0100000000010110000101010000011110111000010100111100010101101010
1011111111010000111000011110000010100101111111010101000101001011
0100000000010000010100000100101010111001000001111011111000100110
1100000000010010001100110000110010110000001111101011101011000111
0100000000011101101010011110101001000010111000100100100100000010
1100000000100101001000110111100000000010100010001010100000111010
0100000000010011101101001110101111111110111101001110111110000101
1100000000001010000010100100011100110110001010001111000000000111
0100000000011000010111100111111011101110001101100110100010111111
1100000000011101100011011001100111110111001111000001000010100111
0100000000100111011011100000100111010000111001011111000110010111
1100000000011010001001110010001101000100100010101111101010111010
0100000000001100000111100101111010001010001110000010111101100001
1100000000011101010010010110111111010101010001001000111110101011
0100000000100000011101101100101010010011010110101100111111001000
1100000000100000110000000000010000110000011011011001000000001110
0100000000010110001100011100111010000011101111011111010110000111
1100000000010001101010110111011111001101001001000010101000010010
0100000000100011101000101101001000001100100111010111110100000001
1100000000100101001000101011001001011011111111110011001110000010
0100000000010110110100101111010110111101101111100001110010001100
1100000000011001101010110010011011000000101101010000001010010010
0100000000100001111110100001111110010100101010000011100101001111
1100000000011111000100010011100110101100010101011110110111100011
0100000000001110100000101001110101110100101101111010101011111010
1100000000011100111000101110101100110011101000100100001000000100
0100000000100101011011011111001111101010010110110010000100011011
1100000000010000000111010001100001100001000110111000101010000110
0011111111110101000110010100001001001110101010110011011100110111
1100000000010110011111101100001101010111011111111001111001010001
0100000000010110000110110101011000100011101011001001111011010100
1100000000100010100000100111101111010011001101010001001100101010
0100000000100011110100110110101100000111001011000011000110100011
1100000000000000111011011001011011011001111100110111111010011101
0100000000001100011011011011010011011110101001100101111001010110
1100000000011110000010001110001001101100011011111011011101010001
0100000000010101011000000100101001010110101101010011010001101100
1100000000011001111001010001010111011100101011101001010000110011
0100000000101000011111011101000100101000001000000101100000001001
1100000000010111111001100101111010101010100111011111110100000101
0100000000001000001110111000110001111000011001101010111000100110
1100000000010001001101101101010011110111111101010100100011010111
0100000000011001101111110011101011001010010110111010100011100111
1100000000011111111011110101011100000010111000101110011011001000
0100000000100101000101100001000101000001011100011101111000111110
1100000000010100100011011101000000001110101110000110011010100000
0100000000010001100100000101010010111110100000000011111000101001
1100000000100011110001000111101011010000100010001111000011010110
0100000000011010000000000111001011101010111001001100110011100000
1100000000010101110110000001001101010111101010111011000101100101
0100000000100000000010001001100000010001111001010000111011010010
1100000000100110101100110000000110000010111101010110010010101000
0100000000001010111101101000010110100101010101101111111101110010
1100000000000010001100101010101111111111111100111100010111100110
0100000000011010010001110111111101010011101011110100001010110011
1100000000010110110001101110010101100010000111001011001010110111
0100000000011100000100101110011100010111000001100000001000010100
1100000000100101111000000101011011101001010001010111101110100011
0100000000011101110101100101100110000010010000111110011111010010
1100000000000100011101111100101111000111110010010011101001000001
0100000000011100010100101110011010111001001000100001100110110111
1100000000100001001110001100100001111010010110101101101001100001
0100000000100011110100011011001001011101010110011001101100010101
1100000000010000101111100111011011000000001110111011010101101010
0100000000010001010010010101010100100111111101001010111011001100
1100000000100100010100001111101110000001110011101010010111011000
0100000000011100101111011110110010000101101101001001011111010111
1100000000010101010010001101000101100011000111001000000100000011
0100000000011101110010110000000111100101101000100101000110110100
1100000000100010001011101011110101101001011100011010010011111001
0100000000011010001100001000110001100111110110101011100101001000
1100000000010110110010111100011011011110111011101100010100010011
0100000000011100011010010111110000101010101010110011010101001100
1100000000100010110111011111110110110110010100100110111100111111
0100000000011110011101110010010110111010011010100010100011001000
1100000000010001011011010001010010111001010000011011110101100110
0100000000011011111011010100011110011110100011010100111100110101
1100000000100110000010111001111111111100011011101100010001111101
0100000000100001101100000000111011110100001010101111010101100010
1100000000001101000000000011011011010011101010010111110001011111
0100000000010101010101111100011100100110001111110111111110000111
1100000000100010000101110100000101110100011001101100100010001001
0100000000011001001110110111101111010011110001100010100010001011
1100000000010000111010101101100110010010011110110110001100101110
0100000000100010111000111101101010111111101011110100001001101001
1100000000100010000010011010100000100001111111000001001110101011
0100000000001101110100001010111011011101010000111001001100110101
1100000000010000000101010110111001010000100001011001011110101010
0100000000100100100011100011001001101110101011111011110000011110
1100000000011101011010111000001111000111010101010000111101000001
0100000000011011010111011000101000000111101000001110001011000011
1100000000100110000001000000110011000101101100110000001000001010
0100000000100001111011011010110000001101100000101111010010111000
1100000000001100101101011110010100011001000110010000000001001110
0100000000010010000111110111000110110110011110011000010011010110
1100000000011010001001111011101110011101100111100100010001100010
0100000000010110000110101001001101011011000110011100100000111111
1100000000100000010110100010000101110000000011100000001111001010
0100000000100011010100101110101111010110101101111011110000101011
1100000000011010111111001000110010110101100100101000011011111101
0100000000001101010110100001011000111101011100000101101101100001
1100000000010011111000100100001001101001110110000100110011001101
0100000000011101010001110011011100111010100011010111110110111101
1100000000100100111011011101011101110110111101011011001011000111
0100000000010101001001011001001100010111101010001010111000011010
1100000000010101001100110111011111101000001101001111010011100100
0100000000100011111011011111010110000010010001111100000010000110
1100000000100101011110100011100111101110111001011101111110011010
0100000000010010000110111101110010000101000100101101101100101011
1100000000001100101001100000010011100100101011100010010011111100
0100000000100000101011001101001111101101101010100010101000011110
1100000000011110010110011010000000101001000110001001001111000110
0100000000100000111001001000000110011101010111011001101000111110
1100000000100001110110000111010001110001001001110100100001010100
0100000000100011010010001011000111001011000101110101011001101111
1100000000100100011001000010101110001010111111000100100000001000
0100000000011000100110011000000101001110011100100011001111011111
1100000000011000101110110100111101100001010011001110111010100110
0100000000100110010100100011000100101010110111111000000101101011
1100000000011011011000000010100001001111010011010010011011000110
0011111111110110001110110110111101110010110100111111100010111011
1100000000010101011010011101100100100100110111101110000100000000
0100000000100001111101000010001000101110110000010101111000110000
1100000000100001011000010011000100000011011101110111011111111111
0100000000100000100100100000001111100100100010011000010000111100
1100000000100000110000110111111010011111100110010100111000011000
0100000000010101011100100011001110000110101011011101010101001000
1100000000010001101110101101010111010101000000000111010010111000
0100000000100011111100011111100101101110100000001011011101100010
1100000000100101101011011100101111111111101010101100110111010101
0100000000011000010000011010111001100111000000010000101101101001
1100000000011010010010011101110111111000111100111110011111110010
0100000000100011101101000010100100010100000010000000110010000100
1100000000011010101011100011010011001101111011010100110101110001
0100000000010011000110001010000111001000111011100001110011111101
1100000000011111010100111011111110001001101101111101001101101001
0100000000100100101101001010101100001101010100110011101100000101
1100000000010100111011110010111011111011110011000110101101011010
0011111111101100100001001001011000111000111100000001010001011110
1100000000001010000111101110100010011000100001000110101100110110
0100000000011011000001100100100111101111001101010111001000101001
1100000000100010001010010011100011111100000011001110000101101101
0100000000100001100101101101001101000101101011000110100110001011
11000000000100110