0011111111010000000000000000000000000000000000000000000000000000
0011111111100000110101101011100010011011100000011100101011000000
0011111111110000001101001100010011110100111111110001010000111100
0011111111111100110101110111010010001110010101011110001101101111
0100000000000100011000011000101010001101100000110100101101010011
0100000000000010111011110011011010100001010100010101100000100100
0100000000000101111010101100011001101000010110100011100100100010
0100000000000001111001000100110101110010010010100001001110011010
0100000000001000110110101110110011111010111011011101000000101010
0100000000000000101100100101000011111110010100000001010100110011
0100000000001111010001011110111100111001111011111110011111111101
0100000000000001110000011100101011100001101111001100111001001101
0100000000010010001100011101001110101010000100110000100011101111
0011111111111111010111011010000111100101111011001111011011001100
0100000000000111011100101111111100010101001010110101100001101011
0011111111111111001111011111010001000100110101110111011101100000
0100000000001101011011101100111111000100110111111110010100000000
0100000000000011111011010011001011000111010001001000100000111100
0100000000010001111001011100100100010001110011110101010100000010
0011111111111010010001111001111100000111001100100101010011111110
0100000000001000001010001010101101001101010000100110001001100100
0100000000000011110010110111101111111010000011100000010100111001
0100000000001100010010000010111110101111101100101001110011011010
0100000000000000100000000101010111101111101000010000111101000110
0100000000010010001110100010101011100001110110010001100111001100
0100000000000011000011001100101111011101110111100101110011110010
0100000000001001110010111000111111001111010110100100011011101001
0011111111111110000011001000011011010010011110011001001010011110
0100000000010001000011100101001100011111011101010010110100110110
0100000000000110110000010111000001100011011010000110111011010100
0100000000010000111001011001110100010011100011001011100000000000
0011111111111100000001010001000100000000110101111110010101001001
0100000000001111100011110011010001110101000111101110000101010000
0100000000001000000001110100100110011001001000101111100001100110
0100000000010001011011110110111100111101111010000110101001110101
0011111111111110011010100111011010110010111011110101100000010111
0100000000001100000110000000010011111010010111110100000011000001
0100000000000010010001011000100011011101010001100001101111111111
0100000000010001101010101001000010111011001000100100101111000001
0011111111111110011001100000110001011010001111110001000100001101
0100000000001011001101100101001011000011101011000010111011100000
0100000000000010001001000100000010011111101010110100111010101100
0100000000010001011011110111010100101001110001100110101011100100
0011111111111111000100100111011001111001011111001000101011100001
0100000000001100110110111111100000111110011101011011000001011100
0100000000000010011111010000111101111010100000000100010101100111
0100000000010010000100011101100000111011011000010011001110010001
0011111111111101001101001010110110110110001110001100111100111010
0100000000000111111101010101001101010110100000100010001110001000
0100000000000001001100000110101000001010111010101000101010010100
0100000000001110000011100101111100010011010111111110000110011111
0100000000000001001110010111000000110001110010111100111011110110
0100000000010010010111111010011011010000010011010110010010001100
0100000000000000110101001101100100000011111110000111011110100100
0100000000000111001010010110011111100010100101000101000101101111
0011111111111110001000110011010000001001010101011101001101101100
0100000000001101100001010001001110011101000100110101111000010001
0100000000000101000001011101001011001101100010110000000110001011
0100000000010001100110101011101000000110000110000111010100101110
0011111111111010010110001100000000010111110000100111111001001011
0100000000001010110000010010101010101111000111110100001001001011
0100000000000110000100101110100000101111101000111100100111011001
0100000000001111101110011110100101000111111010100100111001111111
0011111111111111100011110100010100100100110010101001101101011000
0100000000010001101110100111110011111011010000101001001011011000
0100000000000100011001011111000101101001100110010100111110100001
0100000000001110000011111100001011001011100000010001000101011011
0011111111111100111110000011001010010010111101010101101010111001
0100000000010010110100001100110000111001110111110101100000010011
0100000000001010001110000011100000001010010011001100011101000101
0100000000001101011001101001111100000101111000101001100101010001
0100000000000110010101000011011000011101111010000011100110000001
0100000000010000100110110011110011011100001111011100110010100111
0011111111111101000101001001101110001110110111001000001011011010
0100000000010000011111111000000011111111000010101100010111001100
0100000000000110101101110010101100101011001001111000011000101000
0100000000010001010110001001111001101101111000011001000110101111
0011111111111100000011010100100011011101011011001001110110010000
0100000000001100101010100101000100111011101100100111011001000011
0100000000000101010101111010110110100110101101110100010001001000
0100000000010001010011111111101100111000001101100000101011100101
0011111111111010101010101000111110100110111011000000100100100000
0100000000001100011101101100000100011101010101000011001010001000
0100000000000111011010110111110010101111010001101010111010100000
0100000000010000100011111011101111100111110110011111101000100000
0100000000000000000010000100111011101110001101000001100001101001
0100000000010000101001100100111000111100000111100000001001011110
0100000000000010101001011100000011111001010001110011110011001111
0100000000010000110011010011101101101101101010011001100110100100
0011111111111100110011100100000011010100110110001010000000110010
0100000000010000000100110111100011110110111000010001101001100000
0100000000000110110011011000001000011011010111111101000001011101
0100000000010001101000110000001000001111101011011100100000010000
0011111111111010110110011101001110100010000111100111100000101001
0100000000001010000100100000010010000011010110011111001100011111
0100000000000101000111101010111011011001010101100101011011110011
0100000000001110110100010000111101110110011111001110011011111110
0011111111111111101101001000100101101110000111001010100110001101
0100000000010010001000011110101011011011010111100101001100011111
0100000000000100010001001100010110010101011101101100010110101111
0100000000001011011110110101000011111011001100011110010100000100
0011111111111110011101111100001010100100010100110101001100101000
0100000000010010000111011111100110111011110110010011111011110011
0100000000000110110101110100111010001010000101000001001110001000
0100000000001101100100101100100110100100010010011111101001010010
0100000000000000100100100000110111100000000110110011010001000011
0100000000010010000011100110101001011111001011110101101100001000
0100000000000010100001110100001100111110100000100011101100011011
0100000000001010110001101001010101111001110100101101000011100101
0011111111111101100001100111100001001011000101011101000011101010
0100000000010001110111011101111001011000000101110101111100000011
0100000000001000101010000001100001111110110010111010101000111010
0100000000010000000000010100111000110110000010010010001111011100
0100000000000001110010001001111100010110001011101001000111000111
0100000000010001001101100111001001011110001100110000111111001111
0011111111111111010001000101011111100000110000000101101001000011
0100000000001110101101101010110000101101010110111010001011110100
0100000000000010110011101010111010000000110000001011001000001100
0100000000010010010010010100000000011000111011100001011110110101
0011111111111011110111011101101100110100100010100111100001011001
0100000000000101001111101011100101101110001101100101010111000100
0100000000000000100111011000001000101100000000101100101010010010
0100000000001000100011011110010011010110000100001111010011111010
0100000000000001101001001110001111101001011111111000011111100100
0100000000001110101000000000000010001111110101010111101100111001
0100000000000000010001110010001101110110101010011100100110011001
0100000000010010010100101110110001001010010011011111110011100101
0100000000000011000010011110111101110100101100110001010010011010
0100000000001001001110011101111011110010111001011011111100001001
0011111111111110111100001111000010100000000011000100011000011011
0100000000010000100000101101100001011100111101010011101111100110
0100000000000101001100101000011000000011101011010010011111110010
0100000000010001001100001101100100110110001000110000111000100101
0011111111111001101000110100101001001000100000000000000010010100
0100000000001101011000101001101000110101101001010100110000110011
0100000000001001101000011100010111011110111001100100001100101011
0100000000010000101010010010110111111101011001100000000100010010
0100000000000011110110001111101011001111100110001011001000100100
0100000000010000100010001101001001001001010011100000010001011000
0011111111111010100110100100110111100100000111011111000010001011
0100000000010000101011101010010110011000011100100001010111101011
0100000000001011101110000010010100001101001101110000001110100010
0100000000010001100001011100000010111101010100100100100111101111
0100000000000110010101010000011101110101010101100011100110001110
0100000000001110100111101110010001011101011101110110110100111000
0011111111111111001101000100100011011111001100010011001001101101
0100000000010010001100100101000111101011000000101011100011111011
0100000000000101001100010111000000100110100001111000110010100010
0100000000001011101110001110000000100100101100100101110111011100
0011111111111111111111010010010110011100110111100001000000110011
0100000000010010000101011000100011110000101111100110000000011010
0100000000000100100011000001010000000100001000100100110101000100
0100000000001100000001000001001110011011010010110000110110100110
0011111111111110111101011011001110001001000110010110100011111011
0100000000010010001000101000100010100000001011001100101000000011
0100000000000110000101010111101000100000011000001001011000010011
0100000000001100110101011101101101100101110101110110101101011011
0100000000000000000100100001110011100000010100001101000010000000
0100000000010010001101101111000110001001010001000101110111011111
0100000000000011111100111011100101111110111000000111111101001000
0100000000001010100110010101111011100000100010110011011011110111
0011111111111110110010000110110000010110011100101010011101000101
0100000000010001100101011110001011010001100111100001100011111110
0100000000000110010110010010100010001110000010101100011101001110
0100000000001111010111101110011010011111101001000000001111001000
0011111111111101111010110000000011101101000010001000000011101001
0100000000010010000011110010100001100100010010101111111101110111
0100000000000111100101010111110000001110001100101101001110011010
0100000000001110100011010101110111110000011100111101010101001010
0100000000000001000010001010101001001101100100010000011001111111
0100000000010010000010110101100010100111100000010101011100010011
0100000000000001000001011011001100010111111010011100011100011010
0100000000001001110100111100000011000111100111100110000110000111
0011111111111110110110001101011101100001110101111010001100000001
0100000000010001000000110011001011101100010001001010011011010001
0100000000000101111000010000100101011001000111110110011010101000
0100000000010000110100011010100000011111110101111010011001011000
0011111111111010111011100111010011000110011110100000010011011000
0100000000001111100100110111110010111101110000001111010100101010
0100000000001001011001001100011001000000011000000111110010000000
0100000000010001010111001000101110011111000011010100111110011011
0100000000000010001110011110101101010010001100110101110100010100
0100000000001101011101110000101101010011011111010110001110010010
0011111111111101100010000100111000110110000110111101101001111000
0100000000010010110001001000000000111110001010110110001111101111
0100000000001000110110110100000100101010100011001001011111110101
0100000000001100010010001111101010110111000101011001100011101111
0100000000000101001010000001001110010110011100101010111000100001
0100000000010000100010011100010000001000110010100111000111101000
0011111111111011111000001110111010111001111111110100101010011111
0100000000010000101101101001011101000001011010000100111011011011
0100000000001001101100001110010100101100100111110000000010011011
0100000000010001010001000000001110100100111001010001000100101001
0100000000000010101010101001011101000001011011111100001111100100
0100000000001110100010100011101110001011100111101001110000101010
0011111111111101010111101110101111111100010001011110111110010100
0100000000010010101110110100000101001011010110011001010101100100
0100000000001001011001001111111101001000111000011001110000011011
0100000000001100111010110101000001110011110110001100010010101111
0100000000000101011011111001100111110111101100010000101110111100
0100000000010000110011010010110000010000100111101101010010100100
0011111111111100011100101100101010110110000100111011000010110110
0100000000001111101110100011100110100011011101101000001110011010
0100000000000110111010111001110111000001100011011011110101110001
0100000000010001100000110100110001110111011010111101101000101001
0011111111111100011010101000100101111010101101011010000111110010
0100000000001011101100000110000000111000010001000000001100011111
0100000000000100101100100001110111101110101111010010010111100101
0100000000010000110101110101000000011001101100010111111101101001
0011111111111011111110000000110000011011100100110111001101101110
0100000000010000000001000101100000100001111101111001001011001101
0100000000001000011100011100000111000101000111110100100101000010
0100000000010001011111100101010010000100111101111000100000110000
0011111111111111101110001010100011011100011111100100111101000111
0100000000001100001011000011000000110001100010001001100100110101
0100000000000001100110110110110011001110010000001101011001101010
0100000000010001111001101011111011101010100101111010111101010001
0100000000000000010001100101000000111101100011010011010111001000
0100000000001010100111001101000000001001010010110110001110001011
0100000000000000010010111100000111000110100011100110010010001101
0100000000010001011101111100010010110111110010011000111111011110
0100000000000011011101010101100100110001100110101111100000001101
0100000000001110011011001100010111000011010001000110101000000100
0011111111111011111100111000010000000011000000000111000001100110
0100000000010010111001000000101010110010110011010100001100100111
0100000000001100101100010111001100100000110101011111000100101000
0100000000001111100011010111000001010100100110100001011001001111
0100000000001001110010101111000111100100011011110011100000000110
0100000000010000011011110101010001100001010010000110101000110001
0100000000000011110010000000001111101011000010011101010000100011
0100000000010000100110110001100100100000100001010110110100100000
0011111111111011100110000110110110100111011001101101101110010001
0100000000010000101000110110100100111101011010111100001100010101
0100000000001001101000010000000010100010000001110000100100100010
0100000000010001010110111011101100101101001011000101011110110001
0100000000000010011110110100011111011111111111001110000101101101
0100000000001101110100010110100010100111101111010001001101000110
0011111111111101001000000111010000101110001001110001100110101110
0100000000010010111001011110000111101011110110001010010011010010
0100000000001010000100110100100010000110101011011110010110011111
0100000000001100111001111100100001001011000100100011111000001010
0100000000000110111001000101011001010101110101111100111011011011
0100000000010000000110001010000100010110100011010000110001111000
0011111111111111101101010010000010110010000110100111000100110010
0100000000010001010100010001000101101001111100111011111111010001
0100000000000011100000101001001101010101111111000100110010000000
0100000000001111010110110100001110101100101000111100000010101100
0011111111111100100100000111000010000101001011111100100101011101
0100000000010010001010110010110011010000110011100001111101101001
0100000000001010011010101101110101111011010001111101001100001001
0100000000010000000101000100101001111100101000000100111101001000
0100000000000101000111100110100111001011100001100101110101101001
0100000000010000111111001110000111000010101101100010100010100011
0011111111111001111101001010101010100111111011001111000100001100
0100000000001110111111100111101000101101110001110100011010110011
0100000000001010100111100001011101000110110010001001000100111000
0100000000010001010101001100111111010011000000111100010111011011
0100000000000100110100101101110011010100000101111111101001110100
0100000000001110010100110101010101100001101111101100011000010110
0011111111111100101100100110011110111101101110110011110100110001
0100000000010010101111101110001110101011000001011011010010101001
0100000000001010110011010100011000000100010111001100111010010110
0100000000001110001000001010011010001010111111100100111011010101
0100000000000110111101110101100100011000001111110010001100100000
0100000000010000110100011001101100101011110011110110001000110111
0011111111111110011100110011110110011111100000001101100111000100
0100000000010000000000111101110000001010111010011010100110011110
0100000000000100001001000011001011001010001010100111100110001001
0100000000010001101110010100011010101011100011000000101001011001
0011111111111000110010101000001110111001110011100010001001101101
0100000000001001000001010001000000110001101010001000100111001000
0100000000000110110001001011010111010110000001101101011011001100
0100000000001100011100000101010100000001111001000101110111011011
0100000000000010101111011100100001010011110001001001010110100010
0100000000010001001101010101101000010111101010100000010010100000
0011111111111101011011101110001100000110100101001110010100000100
0100000000001110011000110111111110101111110000011110000101101111
0100000000000100110100000100000110011100001011111010100010010010
0100000000010001111001100010111110101100100001110001101101010101
0011111111111000100010011101010001110101110100101000101100001000
0100000000000111010011110000010001101111001000011111101001011111
0100000000000100111010100011001100010110001101100111000000110000
0100000000001010011011110011111001011101000001001010011001110100
0100000000000001110101011110100101110011101000101100110111001111
0100000000010000101010110110111011110110111101100110001000110011
0011111111111111011010110001010110000010001110100101010011000101
0100000000010000100011011000101111001010000100010001111000001111
0100000000000011010100011111110110111101000001010011011010101110
0100000000010001000010001100000010101000100100101000011110110111
0011111111111011011001011000010100011001100110001100011011100111
0100000000001110100100011111100111111001110100001101100011101001
0100000000001000010000000100011110101011011011110000100000000110
0100000000010001011101010111111100100001101011100000101101000010
0100000000000000001101100001101001101110011001100101110001000101
0100000000001100011110010010111011011000101111101011101101011000
0100000000000000110010000000000100111010010101001011011110110110
0100000000010010001011011000011110111001000000100010100000000110
0100000000000010010001001110110011110011010001111011000000110010
0100000000001001100011000010000010111100011111000110100101111000
0011111111111110011010001110110110100101100111111011000110110011
0100000000010000111111110001011110111001110100100110110110010011
0100000000000110011101001101100000011011101100100001101000001110
0100000000010000111010001000111110011010101110000111001001101101
0011111111111011100001001011100101101001110010010011011011110100
0100000000001111010000001001101000100010010011101011101001000011
0100000000001000001001010010100011011111100000111001101001110000
0100000000010001100010101111010111001011111010001010000100101110
0011111111111111101100000111100000001100111100100011001101000010
0100000000001011100000010110100010011001110000111111011111101101
0100000000000001011110010111101110011011001000001000110001011010
0100000000010001110100011010001001011000101110111010111000101001
0100000000000000101001000110001111010101111101011010111110001001
0100000000001011011011001111011110111110100100100101110100000000
0100000000000000011000101011001011010101110111011111111010101010
0100000000010001111001010010110000010000001010101101100010011111
0100000000000011010111001100110110000100100101111011111000001101
0100000000001100101000010011010100010110100010011110011000010000
0011111111111101111100111101100010110010100011111001011011110000
0100000000010010100011001010001000111111000000110111100101000111
0100000000001000010111010011110000001111100111001000000110100111
0100000000001100100101011001110110011010011101001101000110010110
0100000000000100000110111011000011000110001010001000111000100000
0100000000010000110010010010101100111000000101101111011100110001
0011111111111011111111101001000010010101110001000100111001010000
0100000000010000010000010000000000101110110011000110001110110111
0100000000001000011100001001100100111110010101101100100110011100
0100000000010001101010001110101010110001000111111100001111110111
0011111111111111010000111011101111110110011111100011110100001010
0100000000001010100100110000001101001110011110110101010011111011
0100000000000001000101011010111111100100100001011100000001001110
0100000000010001000110110001101001001100111011011011011111111001
0100000000000001001001010000011011111010011010110110100110001100
0100000000001111111000000101011110000001101101110101001010101010
0100000000000000010100101001101111001100111010001110001101011101
0100000000010001110011001110100011100001101101111001010010010111
0100000000000010011110001110010101110011111100100110101111110111
0100000000001100101100100110011010101000111101101001001000101101
0011111111111101101011011001101011011001000000100101010001100101
0100000000010010111011011001011000011111110101101011111011011110
0100000000001000111001111001100100001000010010010100100001100101
0100000000001011011100001010010111011101110101100100000000011111
0100000000000101010000001011011110100010111011101000000101011101
0100000000010000000000111110010001000001110000000010101011101101
0011111111111101011111001101011110110010111111000010011110101110
0100000000010001100111101111000110110011100111101010101001011100
0100000000000111011100011111001111011110111011111100000101010110
0100000000001111110010110100010011110101111111100110110011011101
0100000000000000010010001111110001110010011010000001100001101001
0100000000010001110000101010001001101111110110110011111101011111
0100000000000010101010101001011101011111000100000110010101111111
0100000000001100111111111110100100000000010110011011100101111010
0011111111111100111010111100000101010111010000111011011001110101
0100000000010011000010000110101111011100010001011100001100100100
0100000000001010111010101000011011010110111010101110100011110100
0100000000001101000011000010101011111001010001011000011100010001
0100000000001000001000100111101010100011110110101001010010011110
0100000000001111111101100000100001110010101010101000111010100001
0100000000000001111010111111101111000111100011001101100010000101
0100000000010001010011110010001100101101100010110110110011110110
0011111111111110010110110001010001110000001111010110000000110010
0100000000001101110010011011110011011101111111101001110010100111
0100000000000011101001111101100110001100011110101010001011000010
0100000000010001110111001011001000001001101000110100110010111100
0011111111111010100110110101101111111101110100101110100100111100
0100000000001000100110010011100001101010111001010001011110110111
0100000000000100010000001011000010000010000100011100101110000001
0100000000001100111101011111101000010010001011000011110011000100
0100000000000000010100001001110100110110111110000011100110111000
0100000000010010001101101110110110100110100101000110000111101000
0100000000000011010101010101011100010110101001101011001000001100
0100000000001010000111001011101000100111101101100101111111111100
0011111111111111001100010001100000010100110101011000001010110010
0100000000010001001010010010000000011101111110100011001101000111
0100000000000101010000110101111011010101100101100001110111001000
0100000000010000011101011000001111110010100010001001110000011010
0011111111111010101000101011011011110011001000111100010110001100
0100000000010000111110111011001110111111110000011111000111101100
0100000000001100000001110000010011110111001011110111010110001110
0100000000010001011100100000100011110110000001110011000100000101
0100000000000111010101101110111001100110001001100111111010110100
0100000000001110110001101100101010011000101011100100011110110111
0100000000000001001000110111011101011111011101110111011000111011
0100000000010010000001011100100010101001110101001011110010110110
0100000000000001000100010011001111001101111100111111111001100001
0100000000001010000011010010010001111100100001110101011101010110
0011111111111111010010100010011011000100001001110100111111001011
0100000000010001001011011001011000000111111111101101001010010000
0100000000000101010010100111011100111100101000110111001101000010
0100000000010000011010011111001100011111001010000011011100010010
0011111111111010101111110000101000100101010001101011100010011000
0100000000010001000101100001000100101101100110000011111101010001
0100000000001100010011001101010110001111100111000011100000001100
0100000000010001100010111000011001110110010010110110110111101111
0100000000000111110111010000011011110100111001110011010101010110
0100000000001110100111110111010000001110101010000011110110010010
0100000000000001100001101111100100111010100000100001101101110111
0100000000010001110100101100011000100000011001010000000101110000
0011111111111111110100110001110101101110110000010001010100111110
0100000000001010111110101010101001111001100010010100110001010000
0100000000000001000111111101011100010011110010011010101000101101
0100000000010001010110110111011110101010111111111000101001000010
0100000000000001010100010010111001000001010011000001010111000000
0100000000001110001001010101010101101010110101110110000101010111
0011111111111111010011000100100101100000000101001111010001111101
0100000000010010101001010001000100000100001100010001100111000011
0100000000000101010100011111011110110110010100001110101101011101
0100000000001001100101100101111010111111110110010001010010100000
0100000000000001011011111000100010000000100111100110111110111110
0100000000010000000011010100101110010101000111001111101100000110
0100000000000000110101011000100001111110101110110111101001010101
0100000000010001101000010001101000000111100101101100101010011011
0100000000000001011001000101111101111001011000100010011100001001
0100000000001100110011001010111110110011000110000110100000110011
0011111111111110011110010100111000001110000111011011110001010001
0100000000010010101001111001001000110101000101000101000111010110
0100000000000111011110000111111111000100000000110011110111001001
0100000000001011011111010100010100000111010000110101111011100010
0100000000000010110110010100001111011001110100111110010100110011
0100000000010000110010111000011011011001101110111010000011100010
0011111111111101010010000010000011100010001000101110011001100111
0100000000010000001000101111001011000110111000010111100010111001
0100000000000110100000101001010001101011010100100010001000001000
0100000000010001101011011010000110011100100010111011010001010100
0011111111111010111010101111110101111001001101111001111010010011
0100000000001001100101011100011011011101111100110011010101111001
0100000000000100011101101010000000000010100010101101111111010101
0100000000001110110011110111000000110101000101110000110000100110
0011111111111111010000111111010000100101100001100011000111100001
0100000000010010010100011011000000001010110001101000111100010100
0100000000000101000011101011111111000111000010100100010110011101
0100000000001010110101110110100110111001010010111000000100000011
0100000000000000001100110010111100000010000010010000001010001001
0100000000010001010101000100000010010110000011110001111100111101
0100000000000011001010110101100011111000110101000111100111100100
0100000000001111000110010101101011000100101010111101110011000110
0011111111111011110001111001100100011000001010000100101001000000
0100000000010010011001011000010011110010111000001111010000010000
0100000000001100011110100101010101101100111101000001100101100101
0100000000010000011001010001101011100101000001001000011100111011
0100000000001000101111100001011101100111110001001100100001101111
0100000000010000101110010000000100100101000001000000111110011100
0100000000000001011001001011111011110100101000001010101111100010
0100000000010000000111010000011000000101110000111100111001001111
0011111111111111001111010001000011010111110110001001101010100001
0100000000010001101010011100011001011010000100001010111101011001
0100000000000100101100100111011100000010010010000101100111000101
0100000000001110011001001001010000111110010001010101001010111100
0011111111111100101010011110111111111110101111111100000101011100
0100000000010010101000101110100000000100010001111010111010001110
0100000000001010100001111000010101101100101110101011101001110100
0100000000001110000111011010111000110011111000111110110000000101
0100000000000110011110010111100011000000100000010000010010011010
0100000000010000110110010101110111011111100101000011000111011000
0011111111111100110010000011010011100110001111010101011001111110
0100000000001111110111101101001010001101101001000101001001111010
0100000000000110011110001011001001011111001100000101010110000000
0100000000010001100100001000101000000010110001100110010011001101
0011111111111010011100110010101000010001111011010101011111100100
0100000000001010100001010101011110101000010110100111000001000101
0100000000000110000010000011011111110111100111011101100000000011
0100000000001111001001101101101011110101010000101101011001111111
0011111111111111101000001101011100010101000101100000101111011010
0100000000010010000110000100000000001111110010000010000100110001
0100000000000100101111010001001101111100100011000101001011110110
0100000000001100000111000111001010100110001011110101011001001010
0011111111111111011100111101101001111000111111111101010010000011
0100000000010010000101010011001010101111001111111000000011010110
0100000000000101000000000111000111101101110000110111010100110010
0100000000001100011010000100010101110001110000101101010000111000
0011111111111110100110011101111000100011001000100000110101000010
0100000000010010010100000010001110111110001001001010110100110100
0100000000000110011110001101000100101111011100111010000101111110
0100000000001100000000000000011010010000111110110100111110100101
0100000000000001000010100110111000101100100110101000000011001010
0100000000010001100101010010101010011001111010011010000111100011
0100000000000001011001100000111000101111000000110100111111101100
0100000000001100111100011010001101011100000011110110010011010110
0011111111111110101111011110010100001110110001101010000001000111
0100000000010010100110111011101111110110001110100101011111111110
0100000000000110110100101100101001111000110001010010101010110000
0100000000001011000110101000010000101010111011001100110000001000
0100000000000010100110001110100000000011010000000010001011011100
0100000000010000100011010001111001110101101011101110111010001010
0011111111111101011100100010001000111000001110100111100010100001
0100000000010000111101011100010001011100010101101101001010110100
0100000000000111000111100110011000000001100000000000111000101101
0100000000010001000000000010100001100110011100100001000011101111
0011111111111101001000010100010000100111101111100011011100010001
0100000000001111000011001111011111100111100010100011110010100100
0100000000000101101111101000100011010000111111110010110000110110
0100000000010001110110001000010111100110110110101010000100001100
0011111111111001001001011000111110000001011100001110100011110011
0100000000001000011000001000000010010000111111110001010100110110
0100000000000101110111110111000001001000110100100110111111010111
0100000000001011011001100100110110000110011101100001110000010101
0100000000000010000101011001011010100000110111100011000101100010
0100000000010001000011100101101011101111111100010111011011110101
0011111111111110011100001101010010101000011110111010101100110010
0100000000001111011001110011000110000111101010111010001011000001
0100000000000100001011001000100000001011001000110110000010000110
0100000000010001110011001111101001011111001001000101001001011000
0011111111111000101111000110100001011101100101100011011100001101
0100000000001000010010100100010110010100010101101001000001001001
0100000000000110010000101111110101010001110100011001101011110010
0100000000001010111100011100010100110110100001111000001110010011
0100000000000011011011011111111110011100011000011111101100001101
0100000000010000001100011010111101000111000100100010110011100011
0011111111111100101011111101000000001001101101101100101100000111
0100000000010001011101100011000101000111100100011011010100100001
0100000000001000101101010101110111110110011101011110000100001001
0100000000010000011111110110011010000011101011100000000110010100
0100000000000001011010101000100110110111101100100010000100011000
0100000000010000101001100101010100100111011101110101010010000100
0100000000000000000110100110101110101110101111010000011111000110
0100000000010000100111101101110001111011010010110001010011101110
0100000000000010110000111100101111000011100010010000001100010000
0100000000010000110110101100011000011111101000010101101010010100
0011111111111011111101110110011001001001110100101001111101010101
0100000000001111101111000111101011001101101100000011011110000111
0100000000001000010001001110010001110111010001010011100011100011
0100000000010001011010011001011100101010111100001011001101010101
0011111111111111001100010001001010101000011010100110000100010010
0100000000001100101010101010100000000010100000000010000110001000
0100000000000010010011010011100011000000001000010111100110000110
0100000000010001111100001010111111000000110010100011011011111111
0011111111111101101101111001011011100011100110111111010011110011
0100000000001001011000110110110010001101000110110100001011001110
0100000000000001011111010010011100011110001110011010111011010000
0100000000010000010001000110011011111011100101111101001100110110
0100000000000000010111111000000111111011011100000010110011000101
0100000000010001100011001101111001101011101100110111000101000010
0100000000000010001100111110000101000010101010001101011110001010
0100000000001101100001111100100110010001100101100111110000011100
0011111111111101101000100100011110101010000011101110100101110110
0100000000010010110010011000001000011011101000101000001101100010
0100000000001000101011111011010101110111110010101010111001001111
0100000000001100000010011001100011110111100111101011110100101011
0100000000000100101010110011111110000101110000010000000010001100
0100000000010000011110110101100100111001110000001010101011101101
0011111111111011110111000001100101100110101000100011000111011111
0100000000010000110010000000001111011110100100110110100000010101
0100000000001001101001100011001110101001100000110000000011010110
0100000000010001001110010100001101101000101111011011101110101111
0100000000000010010000010010111111111011111011001100101100101000
0100000000001110100101111001110011011010100100000101010100011110
0011111111111101110011101011110001000001100101101100110001101000
0100000000010010100100001110000001011000010111101000000001110110
0100000000001000100000111010001011111100101100000010111010010110
0100000000001100101001101010111111110110000110010000010111000110
0100000000000100001010110010000110010010000101011011111010100011
0100000000010000110010110001000000011110100000110011100100001101
0011111111111100000000010011010010101111100000111101110101010000
0100000000010000001110101011110101000011111000001001100010110110
0100000000001000011010110100100100000110001111101101111101010110
0100000000010001101001111101011000010111000101101011110010000000
0011111111111111010111101011000101110110010010000011000001100011
0100000000001010101000011001110000000101011000000101011100011010
0100000000000000111010100010110000111101000111110101001110010010
0100000000010001001100010101000000001001010000001001101110011110
0100000000000001011011001010100000110001000010001011111101011011
0100000000001111011010101111011001111101111110001001111100011001
0011111111111111110100111100111000101110100111101011000100100111
0100000000010010010100011110011000110110110001100101111110100011
0100000000000100011010000001011101100100110000110010110110110111
0100000000001010010100011011010011010111001110001010101111001110
0100000000000000001010010011111100000001011001011111111101010110
0100000000010001000010000100001100101011011000110010100100000010
0100000000000011101101100110001001010001011110110111111010000011
0100000000010000011111010101101000000011101110110101000101111100
0011111111111011011011010100011101110110001110011010100010100101
0100000000010000110010100110001001101110101111010000100110111111
0100000000001010101001000101111001111110011111001010001111010011
0100000000010001010011101010001101111110011100010000001101011111
0100000000000100010111110011100010100111011010001001100101001100
0100000000001110010011011000111101111001111110100011110011000100
0011111111111101011101100111011100101110000010111101001100000111
0100000000010010100011000110010110000001111010100010001011010111
0100000000001001000001110101101011011011010011001110010010010011
0100000000001101000111001111010010110010000010111110010010111101
0100000000000100110101010001011001010001000000010100101011111011
0100000000010000110001101100101110100011001000001101111101001011
0011111111111011101001000100110001111000110111010010100100010100
0100000000010000000010110100110010101110011101111000101110111100
0100000000001001000010010110111101001101110001011000011111010000
0100000000010001011110110010111111001110100110101100111111010010
0100000000000001010011001111111111111001000101111001010111100110
0100000000001100110010110101011100001011100011011000001000010110
0011111111111111101011011110011010110110111111100111100001011010
0100000000010010011110111100001001001010010111100010101011100111
0100000000000100101010110101010100010100110011001111010111000111
0100000000001001110010100111100001101101011000101011000011000100
0100000000000000010001011000000011111101010111100010001000001111
0100000000010000100101100100001101000011110111000000111001111101
0100000000000011001101000110110100010010100111111101000011001011
0100000000010000111011101000001000010101100000110001001110000101
0011111111111011100001100100011100101000110010110010000011000010
0100000000001111001100100011001000100101000111001001100111111000
0100000000001000000010001110100010111000001100100111111111010000
0100000000010001100100110000111101101010010101000110011000100011
0011111111111111010001010110111111111010000101101001000000100101
0100000000001011001110010000110100101011101101100011001000010000
0100000000000001001011010011111000010010001000100011010100110000
0100000000010001101011011011110001110000010010110101100011111011
0100000000000001011000000010111101001010111011010011010111110101
0100000000001100100010111101100011011111011000101000100010110001
0011111111111110110011111011010010111010011011101011011100101100
0100000000010010101011111110011111010011011011010000010000010101
0100000000000110011010100010010001111011011101111001001001001110
0100000000001010010111100101011011011110100101101111101010000110
0100000000000010001111100111111011001101000001011110111000011111
0100000000010000011001101101000001001001101001011011101110011110
0011111111111111100110000111001100110010010100110000011110100000
0100000000010001010011000010010111111101101010100101011011101001
0100000000000011100101001001000001010000000100101110100101011000
0100000000001111100001000101010011100100101110100010001100001100
0011111111111100010000011010100111111001000101001110000011000001
0100000000010010000111000010110101011101011110111001111110110010
0100000000001010101100001000000011010100110010111001011001000101
0100000000010000010100011011110010100000001001101000011110101000
0100000000000101100011101101101111011011001111101100001110101001
0100000000010000101000001101000001011111001000000110000101011011
0011111111111011011001111110101000000001100001010101101011001000
0100000000010000011110101111010010110111000111001011100100100011
0100000000001001101001010001100000111011100110101110101011100011
0100000000010001100100100010000010010000110000101111100111010001
0100000000000001101011100111011110100100010001101011011001011001
0100000000001100000001001110000001001101011001100111101111011101
0011111111111111001100011101010011110010000110010011101000001101
0100000000010010011011101011100011110000000110001100000110111111
0100000000000101101100111010110111101010100111010010001000101000
0100000000001010110101000110110110101110110010111110000100011100
0100000000000001001011110100101111110011001110000010101101111010
0100000000010001001000010000100100011010001010101101000010011100
0100000000000000110011110010100101100100010000010101101010110011
0100000000001111101001000110001001011100001101001011111000010110
0100000000000000011000111100001000011000110011110111010111100000
0100000000010001111111001011010110011111110100100110100010001001
0100000000000010111100000110011101100100101000000100110011110111
0100000000001011101010110110000100010010011100101111110001011111
0011111111111101111111001000111011100000101010111101100100101101
0100000000010010100001000010111111011110101000000110101111111100
0100000000001000010001010011100010111010110111001101011011010101
0100000000001100100110101111111001001000101101001110110000010011
0100000000000011111100011011011001010111100011101011011010001111
0100000000010000111000001101111010011000101110010010000011010111
0011111111111100000111010100110101000101110111001101000111001100
0100000000001111111000101100100110001110011111001101100100010110
0100000000001000000111011101111111110111001011011111011011100111
0100000000010001011101001100011100010000011101111101101010101000
0011111111111111011010000011011011110100111001000001100111111011
0100000000001100001010111111101101110011110000010100110001000100
0100000000000001111100000010000111001010010011110100111100101011
0100000000010001110010101010101001100110000111000111010100000111
0011111111111110011000001101101001000101001000000011000010011111
0100000000001010101100011001110000010001000100000111101110111101
0100000000000001101111001111011010010000010110001000010001110010
0100000000010000111111001000110100010111010111100110011010111110
0100000000000000010001000011000100101000110101011101111001111010
0100000000001111111111100011010001011011101000110100111011000100
0100000000000001110011100011110110011000101001100101000000100010
0100000000010001110000101001001110111101111011110110010100010110
0011111111111111000101000001011000000101010011110100000100111000
0100000000001011000101100011101111000101100101101010001101010011
0100000000000001101001101110010100000000001000000110011110111110
0100000000010001011000100111000011000000100010111110101011001100
0011111111111111110010100000110000110110100011001001011000111000
0100000000001101011001001110010000010101000000010101101100011001
0100000000000001011101011101011111110001010010111011001011110100
0100000000010010100000001001111110111100001011010011101010000111
0100000000000000000101000001011101101001011111111111001110111110
0100000000000101101111111111010101101001111010110011110010010010
0011111111111110110000100011010101111101110111000010111110010101
0100000000001001111110101101010000010011011010111000001101010011
0100000000000010101011100000000011000100101111001101001100101100
0100000000010000010101001001001101011001101011000110101000100100
0011111111111110101101100011100011010011001000111110110110100010
0100000000010001001111111100011111110101011001111110010110111111
0100000000000101000110110011101011111010111000111010000111110010
0100000000010000001101111001100100111101100011000101011001111001
0011111111111100000010101111001101010000011100110010100000100010
0100000000010001010110001111010000011110110111110000110101011100
0100000000001010001110011110111000001000001100111101100111000100
0100000000010001000110101010100111111011110110010101000001001001
0100000000000011101010101001100100110001111101001001111011110000
0100000000001111000100110000111010111011001111010011110001101110
0011111111111100011111010100101010010011111111100010001011111100
0100000000010010011101111011001110010001011100000011101000010011
0100000000001010100000000111000111011111011111000100001010000110
0100000000001110101010010100100110101001110001010011010001011110
0100000000000110100111001111001001110010000111001011100010110101
0100000000010000110111101000110010010110000110001000000101101000
0011111111111101100100111000011010110000011010100000101100011000
0100000000001111110110101001101111101011001100001010000110010110
0100000000000101110010000011101001000000101001111001101010100101
0100000000010001100110010010001000011110110101110010000110110101
0011111111111001011011100110001110010010100101011110011011001111
0100000000001010000100011100110110011110101011010100101111001111
0100000000000111001110001101111010011011001100110010100101111111
0100000000001101011001101100010010110110101100111011001101111110
0100000000000010111111111010110111100101011000101101000000000111
0100000000010001101101010111111011001001110010100110110110010001
0011111111111100001101100000011101110100001110101110001010011000
0100000000001010001011101110101011100010000011100000000011100010
0100000000000011100010100110111101011111110111001011011010101100
0100000000010000000001010111011101100000100111011101010110000111
0011111111111101000000110011010100011111000110111101011011111010
0100000000010001111100011000000100111111110011110110110001010010
0100000000001000110110100010011100001111110110111110010110101011
0100000000001111111011100010011110001011100111010101001111100001
0100000000000010001010011000010100011101101100010001101000001110
0100000000010001011000111001001010100001101111010110001111110110
0011111111111100111000100001010101100000001010100001000101101011
0100000000001100110101001011011000101100011101101011101000001010
0100000000000100101110010111010011100101110001110000001000111010
0100000000010001100101011010101110001001000110010010100101110110
0011111111111001011111111000001100011110100001010101001001100010
0100000000001010110000110010000111001100111000101000111100111001
0100000000000111101110001110111011000001101001000010000101110100
0100000000001110101011001100111111001000001111110011110100010110
0100000000000010101010001111011101001111100100110000101100001110
0100000000010001110000110000011110111001000110011101110110010001
0011111111111100011111111110110010101101010111011101010010110001
0100000000001010000111001111010000100010100100000110011100001000
0100000000000011001100101111010010111101001001100001111000111100
0100000000010000000110011011001110000101010101101010100100000100
0011111111111101111000101000010100011011110101111010111011100010
0100000000010001101011011000000111100010111001001001000110011101
0100000000000110101110110110010000011011000011000010001101011001
0100000000001111010101001101101111001010010001101100001011011011
0011111111111111001101001011111111101100101001101110111100010010
0100000000010010001000000110011011000001000110010010000100100101
0100000000000100111110100000101100010101001011000100010101110011
0100000000001100000101110011011101110001011001100011111011110111
0011111111111111011010000011100100001100010010110100000100010000
0100000000010010000111111111000100100101000000001111110011101110
0100000000000101000110011001111010101001000110101011011000011101
0100000000001100001010001010000011010111010001100011101110111110
0011111111111111000010000100001100101011010111110011001010000011
0100000000010010001101011110011100100110000110111011000100000011
0100000000000110001101100000000011010011001110010101101101011010
0100000000001100011000101001000001111100001110001101001100101100
0100000000000000011111001011011011010001101000110010100101000011
0100000000010010000110011001010101010001000000111111010011100100
0100000000000010110010000110010000001010101101100011101010100101
0100000000001010100101011001100010000000110111011010000111010001
0011111111111101110010110100011111111011101000010110100000010101
0100000000010001101110100111010111100111000001001110001110110111
0100000000000111100111101111011111011011100000010010011100100001
0100000000001111101100010000000101101110000011010001100000101011
0100000000000000011010110011101100000111100011010010101110010011
0100000000010001101011011000011010011001001110101010011000000110
0100000000000010101101101110011111100001010110110101011110100001
0100000000001101010101001100000010101010101110010011111000110000
0011111111111101110001110010010011011011010110101111000001110101
0100000000010010110000110011011101101001011011100010010010111000
0100000000001000101101011010100001011001111100111110001100111111
0100000000001100001010111111110011011110000011110101100010111011
0100000000000100110011100010011101101100010110011101110000111001
0100000000010000100110001111001011011010100000101010000010000100
0011111111111011101111000101100000101110110001101100011011110001
0100000000010000011010100011100011111100010110111111111110100100
0100000000001001001110011100010010101001011011101000111100001110
0100000000010001100110100000010110100000001101000101110010001010
0100000000000001010001110010101010000100000011010110000110000010
0100000000001100001100000100101111100111111100110100111111111001
0011111111111110101011011011011111011100100110010010000110000111
0100000000010010101110001101001000101111111011000001110110100100
0100000000000111001001010100100110100100001111101010101101110110
0100000000001010110111100011100100111110001010101101011110001000
0100000000000011001110111111010111010111011100111001111111010011
0100000000010000011000100101001100101010111000111110100100100000
0011111111111100110110001101101111011011000000000100111110110111
0100000000010001000011011101111100111111011000101001011010111010
0100000000001000011000010110001111001100011010101001010110000111
0100000000010001000111010101101110011011101000100001101100111001
0011111111111111110101111100000100001110111011010111000100001010
0100000000001110000100000000101100101001001111001000111000100110
0100000000000001101100101101011010010101100011000110101010100001
0100000000010010001110110010001001100010000000110100000100011111
0011111111111111000111111010110100111100000111000011011010110000
0100000000000111000011111111111100101101011110011100110001111010
0011111111111111100011000011101111001110011010110111100110010111
0100000000001100101101010110000001010000101000100111111111101100
0100000000000010110111100101011111011111101100000101011110101111
0100000000010001110010010100100010111001110111101011010100000101
0011111111111011111101011000110010100101000111010100010011111011
0100000000001001110000011001000110101011010011011111101011101000
0100000000000011110101100100000110011110001011101011000101011001
0100000000001111011011111001011010110011010000101010100101011010
0011111111111110000101110100100110101100110101000110000000101100
0100000000010010000001011001111001100010010111010010101110000001
0100000000000111001101101010100011111000101011001011010110110000
0100000000001110011111111111010010001100001000110000111110101000
0100000000000000110011000000001010000110111011100110101111011100
0100000000010010001101011100100100010011100100100010100010100101
0100000000000001111101100110100110000001000000010000001000000001
0100000000001001000101011000011100100011101011011111011101000000
0011111111111110010101011100101111010010100110011101100100101011
0100000000010000011101010001111101010001110100000101010101011101
0100000000000101110110100010011011111011011000110110100000110011
0100000000010001010101011010000100011110011100101010100010010010
0011111111111010010011010011111011101110110111001010111110000100
0100000000001100011101100001111010101011110111010100000011001110
0100000000000111101011010101110111110111110101000001011010110010
0100000000010000011111011101000000010010001010000111101001101001
0100000000000000111010001000101010111100110001000001100001000000
0100000000010000110010110011110001000101110000101011000100001110
0100000000000000100011111100000111100110000110000101001110001000
0100000000010000011000110010001101100111111010011101100010011010
0100000000000001011101111100011110001100110100100110010001101100
0100000000010001011001100000010011001001101111110101010110100110
0011111111111111000100001000001011000000110010000101001011000000
0100000000001101001001001101111100010010101000101000010000001111
0100000000000010100111111101001011100000100111110110111010001010
0100000000010010001101001010111011001011100110100010001111110011
0011111111111100101111011001011111000100000001101100011101100100
0100000000000110010110101100111100110011001101100101100110110101
0100000000000000111001000101010101000100010110010001010110011000
0100000000001010101011010001110110000110011001010111010111110101
0100000000000001011011100110101001100100111010100101100110101110
0100000000010001001100111111011100111101001110101111111100110110
0100000000000000110011011010101001001011011010000011111100010110
0100000000001111001001010100100010100000111101101011100111111010
0100000000000000101100101000000110111001000100101011011110001100
0100000000010010011010111010010101100011111100010100000101011110
0100000000000010010000101101011101100001101101011111011101000110
0100000000001000000110111100110110110111000100001100001100110000
0011111111111111001010010100010111001010100110101001010110101010
0100000000001110111110100100010100011000111101100111011100111100
0100000000000100010011000101111001100001101100100110111001000011
0100000000010010000010000100010111100111000110011010011011000010
0011111111111001000101010110111111111000001010011101101011110100
0100000000000110110001010100010011101110001101011110111100100110
0100000000000011111001001111001111000110111000100010000100011001
0100000000001010000001001010110100101101110000011100110000011100
0100000000000001001100010101100100100011000110110100111100111011
0100000000010000011010101000100101011000111110100100011100111101
0100000000000000110011100010110110011100001111001011101001001000
0100000000010001010100111111110000100001101101011100001100000110
0100000000000001000011001111010111110011111001001110110111001000
0100000000001110010001111001100111010010111111100100010000010010
0100000000000000010101011000111010110111011011111000000010101010
0100000000010010011010110100101000100011100110010011100101100111
0100000000000011011011011110111100110101010001011010010100100100
0100000000001001000100100110011111101000110110111101110110011011
0011111111111110110110100001010100010011101110110111100101111101
0100000000010000011110000000001010010110011000101100111111011011
0100000000000101100000001110000110101010110010000101001001101010
0100000000010001010010010010010000100000000010101000010011101100
0011111111111010001100110001000111000000001110010101011110100011
0100000000001100101110000101010100011111101000101111000110111000
0100000000001000000101110101110110001111010000011101000100010100
0100000000010000101001111000111111111101000000010010010010011111
0100000000000001010100001011111001000011100101010101001001100011
0100000000010000100000010011000100010001000110000011100000001010
0011111111111111011001111100010101001011010100100100001011100101
0100000000010001000011110011111101111011110001011100011000101100
0100000000000100001000101110010100000010110111001110101110010010
0100000000010000100001010011111101110011001111011101100001001000
0011111111111010001000111000100000000100111100111100110000010000
0100000000010000100111110010010000000000110101010101000010001011
0100000000001100111010000000100101110110111000001001011011110011
0100000000010001101100000111010000101110011010110100101101000000
0100000000001001000010110011100011001101010010110001011000010101
0100000000001110101100011010101111010110101111010000110110001010
0100000000000011011110101010000111111101110011101111100010000110
0100000000010001100110110111010000101100100011000011010110011101
0011111111111010011100011010010100010011000001101100100011011101
0100000000001010011101100010110001000101101001000111011100000011
0100000000000101101111001100111101010001010100001000111101110111
0100000000001111001101010001111100100110101010011110000001001010
0011111111111111101000110011101111110000011111110100111101010101
0100000000010001111100010110110101011010011010100000001111001010
0100000000000100101011001011101001000100111101010011000111111111
0100000000001101001100101101011011010000101001111110111110000111
0011111111111101010110010100000111101001110111010010111010001000
0100000000010010101001111011101011110010111110001100000100101100
0100000000001001011011101001110000101010001111000000101010110101
0100000000001101001010111000010111100100110001111111101111110010
0100000000000101100110010010010000111100110010011110101010011010
0100000000010000110000101111100110110011011110100101110110010001
0011111111111100101011011011011111100001100011101110110110110110
0100000000010000000000011101011110011001000010101001111100011001
0100000000000111000010001011000001111000100101000111110101101011
0100000000010001100100101100100010001110111110010111000101001001
0011111111111100000100101000001000010111001110001010101011010111
0100000000001011001000101101000110011100011100011110000011111110
0100000000000100011000110000101011110011111010100110110000000101
0100000000010000101111101111101010011111110110011100111001001100
0011111111111100010000010010011011100011000111011101001010010000
0100000000010000010001100000010010011110001001010011111101011001
0100000000000111110100000010111010001000110100010111111111010011
0100000000010001101010100010100101011101010111101110110111110111
0011111111111110000010001111110000011000001011110010101101111101
0100000000001010110000001110110000000010010110110111111110101001
0100000000000001111101000110011000011011100010011111000101100010
0100000000010001000000001010101010010010001110010000001001111111
0011111111111111011000010100011011001101010110011101101100000100
0100000000001111101111001010100111110001001000100011010110000110
0100000000000010110000000000110011001100001101110100110000100000
0100000000010001110001100111101011111101001110011110101011100101
0011111111111011000100111000100000000100000111001111010101110110
0100000000001001100111110010111100100111011111111111000100001000
0100000000000100001110000111101001010100100000010000111101001011
0100000000001111000001001110111101111011001100000011001100110011
0011111111111110010010010111110110011111101011111101111010000001
0100000000010010011110111111110110101100111001010010101001111001
0100000000000110111011000000010111110111000100110101010010101001
0100000000001011100101111000011101100110011111001011110001100100
0100000000000001111001011000100010100111010001101001100010010001
0100000000010001001001001011110001011000011110100110100001000011
0011111111111111101010001101111011000100110000011011110110010001
0100000000001111001101111101011011111110110001100010110000001011
0100000000000010100010001010010100010110111001010101001101011001
0100000000010010000111011011110010000010110010001100010001110010
0011111111111100101010010001101101111011010010001010110011000001
0100000000000111010001100110010011100000001101111010100010001110
0100000000000001011001100101011101100001111110100011111111100000
0100000000001100010111100100110000000111010111001001101000100100
0100000000000000110110101100010100111000001110111011101001011001
0100000000010010010011101100010000011110100000001010000111101001
0100000000000010000100110111100010100010111010101001101101011111
0100000000001000100010010111111010011000111100001000101000111111
0011111111111110111110100100010101000111100010000000111000100010
0100000000001111110101001100000011111110010010011010111010001000
0100000000000100011111110110100000011011110011110000000001000100
0100000000010001101001011010101001100010011010100010001001100100
0011111111111001010010011000101110001110111011111101010010010100
0100000000001010000101011000001000000000100010000011001101100101
0100000000000111001101001000010101011000111010110111110000001110
0100000000001101011100100101111001111101011000101000111001010100
0100000000000010111101010100000101011000000000110011000011110001
0100000000010001101101010110110001100101000000111100010001010010
0011111111111100000100110011111001000011111101110101101001101110
0100000000001010001010100000011001000000110011111011111010010011
0100000000000011110100000011011110010011011000100100111101011110
0100000000001111110101000001011110010110011011011000001110111110
0011111111111101100100010101011001111111011010111100001110100010
0100000000010001111100001010001001000100000111111000001101001101
0100000000001000001011010110000111011011111011111110111110100100
0100000000001111100001101101001011010100011010101100100001001001
0100000000000001011010000001011011001110000010111011001110100111
0100000000010001100101111000110001101100111011100111010011101011
0100000000000000000010001111001100100101011111000010011010010101
0100000000001100001100100010000101100011010001111110111000100110
0100000000000001011001011111101110100100111101011101100100011101
0100000000010001111110100111101110111100011111100111011111011100
0100000000000000110001001000100010000111000101110101010111010000
0100000000001010010000010101000101010101011010011001011101001001
0011111111111111000100110011011100101111111111100010110000000000
0100000000010001100101000111111101110011000000000111010001110100
0100000000000101010111110000110110001011100010010010010100101010
0100000000001110111011100000101101000100001100001010100110000010
0011111111111100110100010111101001111011000110001010101010011010
0100000000010010010011001101011101011000100001010101010011001101
0100000000001010001001110001001111101000100101100111110111110001
0100000000001111001011110100000101101101010000100100101100111110
0100000000000101101000100001000011001000011111000001010110101111
0100000000010000111100101101110010000100000101000110010111000000
0011111111111010111000010000100110101011100001110111000010101100
0100000000001110110111011000100111111110011011111110100111111001
0100000000001001011000010001111100100011100011001010001111101011
0100000000010001011011111101010101111011001111100101000011110011
0100000000000010000010110001101101111001101111100101111111010111
0100000000001100111010001010100001001100111111110110000001110011
0011111111111110100100111010100011011101100000110101111111100110
0100000000010010101101111101111010100100101101000011011100110001
0100000000000111001010110110101011000101100111111101011001000110
0100000000001010111010011111110011101001101011001011010100000011
0100000000000011001110111000100101110110011110000111011011111110
0100000000010000011011000011100010101000001001100101100011101100
0011111111111100111101110011111001111001101111001110001101001110
0100000000010001000001001000110001110010101100011100000110001100
0100000000001000001000111011100110110100101111011011011000101111
0100000000010001000110001111011101100011100001101110101010100010
0011111111111111100110010101010001101100011101101001010110101001
0100000000001110010001011110110000100000001000001110010001110111
0100000000000010000111001001111001000000100110110000101111000100
0100000000010010001101010111101111110100010001001101101000011000
0011111111111101111110011100101000101110000000100011100010101001
0100000000000110110010100100000101000110100100111010100011111110
0100000000000000000100001101111010101110101100111000010001010001
0100000000001011111100101010111101101010110001111111001001110111
0100000000000010101111101001000001010101100010011001100100011100
0100000000010001100101110011001001010011100001001011001101111010
0011111111111100001011010010111111100101110110110000100111010101
0100000000001011000000001111001000001011001101011101111100111010
0100000000000100001011011000111111101001100000000101110101110111
0100000000010000101100011100010110011111110010100100111011000011
0011111111111100100010111001101000010010101000000101001100010110
0100000000010000011010111101011001010111011001001110001001010000
0100000000001000000000111101100000010100011100100101000001010001
0100000000010001100001110000011100101011000001001011101001000010
0011111111111110011111100100110110111011111000100110101000100100
0100000000001011010101110100110001000010100110000100110111001010
0100000000000010000100000010100111001111101100000111001110101111
0100000000010001100100100001110000101100101000001100111001000100
0011111111111110011101101101111001000011000011001011101111101001
0100000000001011110010000011100110011011101111010101010000110010
0100000000000010100010100010010111011111011110010010010011011100
0100000000010001100100100111011110011001010110001111100101011011
0011111111111100110000011111101001000011100010111101001110111010
0100000000001011010011000000001100010111101101111100101100001110
0100000000000100000010101011010110111010110001101110110001011011
0100000000010000111100101000010010110011100011010011000001100001
0011111111111011010111110100000100110011011101110011100010001011
0100000000001111010001100111110110100011001000000010101101000001
0100000000001000011010001101000101001110011011110110010111000011
0100000000010001100000111001000111010111000001011111100100101010
0011111111111111111011111111111000001000001100001011100111111011
0100000000001011111111100011001011100111111011101010010001110110
0100000000000001010010011111110010011100001101110101100101000101
0100000000010010000001100101011101100101101000000001101010100100
0100000000000001000100101010101110010001110100001110111001101010
0100000000001010000001011011100001100011001101010000011001101010
0011111111111111010001101010101010000000110001000111010100101010
0100000000010001001001000011111111001100110110101001010011110011
0100000000000101010011100001110101101000000110101010001001000110
0100000000010000100000100001000110011110111101011000100111010100
0011111111111010101111010101111100000011010101101000100110100011
0100000000010000110101110100100000110010111000111110100110010010
0100000000001011100010010111011000010011111100011001001100010000
0100000000010001011000110100001111001011011111011001000100100100
0100000000000110000001011001101101100111011000100110011001111110
0100000000001110111100101101100010001111111010001110010000110111
0011111111111110010101111101111011101111000111000010011101000000
0100000000010010011000110000100010110010001110010100111001001100
0100000000000110111011001001101011011101111000101111001010110011
0100000000001011111111100001010000111100111101010110111111110010
0100000000000001111111000110100011110010011101100001011001011000
0100000000010001011111101010111111111110100000011001110111001110
0011111111111110111011011111010110101110011000010111100000010000
0100000000001100011000001111110000100100011100011101111111100010
0100000000000001111111101010101001101001010010101001100010100011
0100000000010001110101100100001100010110001011000101111111001000
0011111111111110101000011010010000010100001110001111001100100000
0100000000001010011110100010011101010101101110010001101001011000
0100000000000001011011100110110110100011001001110010101010110010
0100000000010000111011011100001000000110101100001010101001101000
0100000000000000110110110011011111011011010100011101011110111010
0100000000010000001011101101011110111111110001001000010111001001
0100000000000000111010100110010100100000010010000010100110100100
0100000000010001101100000000010111110010111010010101100110100011
0100000000000000110011110110110010000101111100000000010011011000
0100000000001100010001010011000111100010101011111000010100101110
0011111111111111101100110110010111011011001100100001101110110110
0100000000010010100010001000011100110101011111110111101011010110
0100000000000101000001010001100001010100001101010010111100010110
0100000000001001111000001101010111000000101010010100011111000111
0100000000000000111101011010010011111010011110011101011101000111
0100000000010000010010001000100000101100001000001100110111101111
0100000000000001010001010010111000011101110001101111000010101100
0100000000010001100101011011011001101111111110110110110110100111
0100000000000000000000011100110101100010011101110010011011010000
0100000000001100001111100111101011111001001100010100010010100111
0100000000000001011101001110011110111100101000010000101001001011
0100000000010001111101001100000011110111101000001110000011010110
0100000000000000101000010100111111000011011110100010011100001010
0100000000001010010111101100011110001011011010101010110010111111
0011111111111111001111010111011100000100110011100011111001011001
0100000000010001101011000010100001100001011011011111110000111111
0100000000000101001000010011000001000110011010111011100000101100
0100000000001110100101011110101110001001101010010010110100010001
0011111111111101011011011101101011000010000011011011100111101100
0100000000010010100001111000111000001001111110110111001001100100
0100000000001000111110111010000111111100100100001010111100011011
0100000000001101001000001011010010111010000001100001011011000111
0100000000000100101111100110110111010010001001001111101111111010
0100000000010000110011101111101110100010101001100100000011101110
0011111111111011111000011011100000010111111011000000110110101001
0100000000010000000010111011000011111011101110101101000111001001
01000000000010001