0011111111101101100101110010101111110111010101101000011100101011
0011111111111010000100000000000000011011110000011100000110110000
0100000000000101001000010111100101000110010111110111001111011010
0100000000000011110101000100101011101111101000011100111101001101
1011111111100011101101001001001101001000010101001101101000010000
0011111111110100001011110110000101100010011010011010000001100000
1011111111111011011101101001001111100010101111100010011000101000
0100000000000111111000011011000000110000011010100100100100101110
1100000000001011100001001010001100010011101010101100010111010001
0100000000011000110100111111000100001111011011110100000011000111
1100000000010110111010010010101000011010101000101010111110000010
0100000000011101100111110111001111101101101001110000000011000100
1100000000100001010010011001011000001000001001111111111110011101
0100000000010010110111011100010011111111110001000101110111011100
1100000000001010100111110100000100000100100100000101100010011100
0100000000011000100111101011011110000100000110001111101100100011
1100000000011101000011101001100011011101101110110011011000000001
0100000000011110110111101111010110100100111100010110010010001110
1100000000010110101101010001111011100111111011011100000001111010
0100000000010101000010101101110010000100100011101011110001001000
1100000000100000010011011000110010011011110111011000110000001010
0100000000100000001011101011100111000111010110111110010000001100
1100000000000110101010001100011000110100101100110101001011010111
0100000000001110000000010101001011010101110101010001011010101100
1100000000011010011110110101000110101100100000010110001110100101
0100000000001111100100001110000110001001001111100110100000101000
1100000000010111000101010101100000100101110100110100011101111111
0100000000100010101100101010110111001000000110001000001100000110
1100000000010101110010000001001101010110011110110010011111111010
0011111111111001011100110100000110101101010000101111110010111100
1100000000001011111001101000010010010011001011111111011000001101
0100000000010111011001101101001011001110110011100111001111100001
1100000000100000101101011000011100001001100111001011000010001111
0100000000011101111000111111100000001111111010010100111101000011
1100000000000111100001100101010110011001010011001111000001110000
0100000000010000111111010000001110000000101010001111110111010000
1100000000011110000101100110001111011001100110111110000010101000
0100000000010100110101101110000110000110000111110100100000011101
1100000000010101111101100000110100110000111101000010100000001101
0100000000100001110100110101000101100010001010111111100110010111
1100000000011100010011100001100101011111001111101001000110001111
0011111111111000011111100011101100111100110101000001101000000101
1100000000001000111001100000101000010111010110001111101001101100
0100000000010101100100101011010100110010000010000001100010001101
1100000000010011011010110011000110101011101100011010101011111111
0100000000011111001111110011100000000010000001100111000001010110
1100000000100010001011111111000010110011100010111000000111010110
0100000000000110010000101011000011011110011001000101000110011000
1100000000000010110010000101101101001000000011101001000100111111
0100000000001111001111010010010001011011100011110010011001110100
1100000000000111111110111100101010001100101000011001101110001000
0100000000010110000010110100001110100110001011101111100011011011
1100000000011001010101110010101011111111000111001101010000011100
0100000000100001000101011100011000100001011001111110000011001110
1100000000011100001100110110000110110010000100110001101011101011
0100000000000100001011010111110011100101000000001010101110111000
1100000000010000011110001110000001100000100111011101011010110111
0100000000011101011000101101001010100100110010101011100001100110
1100000000010110110111011000111000110000000011001011100010100100
0100000000010110110101011001110101101111101001101101111000100000
1100000000100000100100101101000010011011110111100101100011110010
0100000000011111110000011100110010111010010000101011100111100111
1100000000000101010101011000001101111100101000001100001101011100
0100000000001110001001110101000000111000100110111011100001001100
1100000000011011011010000010110000010100011010000100111000100001
0100000000001110110001011000000101011011010100111010010110101001
1100000000010101110011110011010111110100110111001010011010110001
0100000000100010001101111100010111100011110010111110100000101110
1100000000010101110101100011101011001011010100001010100011000000
0011111111111111001101010100101001001001001110101000001110110111
1100000000010000000111001010011000001000101100111100101010000000
0100000000011010100011111111101010010111101110110100111011010101
1100000000100000110001000111101101110011110100100011000110011011
0100000000011000010110100100111110011111100011011000010000000111
1100000000001100010101101011001010101111101011100101000000000111
0100000000011000100010010101001110110110001110101011011110001110
1100000000100010100101011010101111110011101101000010000001101000
0100000000010100110101110000101111110110100110010011111110001110
1011111111111010101100101110111010111101011011111111000100001100
0100000000001011111010000101100010001110110000101000010101111100
1100000000010110000100100100001011000000011010111000111010111000
0100000000100000001010010011110110111100101101000011001001111010
1100000000011110011010111010011011100101110111110000101101011010
0100000000001011010111101000110001001101000100111001111101100010
1100000000010010100001110010010100110101001001001000001101101001
0100000000100000011100110011101000101111111101000110101111000110
1100000000010011001010110001101001001010011000000001110101010000
0100000000001111010000010101110111110001010010111111001100010110
1100000000011100010100100110010010100110110001101111011110001100
0100000000011110111011100111010010100110010111111101101101110000
1100000000010111100000110100000111010001001100101111010000010111
0100000000010101011000010100111011110011110101100111000001001100
1100000000100000010111111010000111011000011011000000000011000101
0100000000100000111011101001011100010010101001010101100110011011
1100000000000010110101001000001101010101100111111000000001011000
0100000000000111010100010011000101000111111101011110000110000101
1100000000010100000001001101011110001101011000110001001000100011
0100000000001010000101100000111001001001110000101000000111011101
1100000000011000011010111101110110010111000110011101011101010010
0100000000100000101010000101111111010101110001001111100101010111
1100000000011010110101001000010100001111101110000110100010011000
0100000000001010110000110110110000101001011001110111110110110110
1100000000010101101101110111111010011001010111001000011100111110
0100000000100010011000100101001100110010001011001001001001001101
1100000000010101011001011001011110101010011010000101100001001100
0011111111111100111100011001100101110000101110001110010111001100
1100000000001100111110010011110000110100010001110010010111100100
0100000000010111001011110010111101001010010011010100011110011100
1100000000100000011000110011101001011101101110100001100000111100
0100000000011101100111101100110000111010111010100000100100110111
1100000000001010010101000010110110011010111101101001111001010011
0100000000010010010000100101000001011101010011000011101100101001
1100000000100000000101101101110011100010111100010110001011010001
0100000000010100101001110101011010111111010010110111000000001001
1100000000010000100111001000101000010111100101000001100000011101
0100000000011101001000000111001101101000010011110101000101111101
1100000000100000110000101100011101110110001001101000110010001001
0100000000010011010010000100001000100000010111101110111000111110
1100000000001111010110011111110100111001001001101011001111000111
0100000000011100011010101000100110100101011100011111010010111011
1100000000011110110010111110110001100111111101001001011011110111
0100000000010111010011011010110001111101011000111111011110101000
1100000000010100100010110101000100010100001011011010101001100010
0100000000011111000000110001000000100110000011101111111110110010
1100000000100001011111101000111101101111101000001011111101010100
0100000000001010000000010010010111101111000101101111101000100101
1100000000000111101001111111000000011110000110011110101011000001
0100000000010100110111111111000111010100110010011011001011110001
1100000000010001000011100010110001110010101011011110100011111001
0100000000011100101010000011100111101100101100010000111100010101
1100000000100001100101000110110010001110110111011101101010100011
0100000000010011011011001000000101100001111000110000001111010001
1100000000001001011000100100010110001111110001010110000100100111
0100000000010111101000101000101010000111010110010110000100000100
1100000000011101100101110111101101111010010101100110110111010010
0100000000100000010100000010011000111111100110110100110100001010
1100000000010100000111010010110100101110100101001111100001100100
0100000000010001010110010100110000001000110001010010001101100000
1100000000011110111111110101000101010000011000001001011110101101
0100000000011111110101100000101001111000011110000011010000110010
1100000000001110111001100110010011001100110110100111001100010011
0100000000010000111111110010000101100010011100001011001000111110
1100000000011110100100111000110011000110100011001100011001110110
0100000000010111101110110011111010011110010001010001111000110011
1100000000010100110010010101101101110001101111101000001110100110
0100000000011111001111000000100011111000000100101000010010010001
1100000000100001101001101111011110010101010001010110110111010001
0100000000001001000011101001000110111100101101111100100111011001
1100000000000101111111101010000000001001000001011010110101111000
0100000000010011101010101111110000100011001001010010101010000101
1100000000001111111100111001000000001101001101011011000110111000
0100000000011100010011101111000010111010100100000110011000111101
1100000000100001000111110011001101101000100111001011011001110000
0100000000010011111001011000010010010000100011111101101000100100
1100000000001011100000001101110010101101101111010010101010011001
0100000000011001010111010100011101100111001010011100001100100100
1100000000011111001101101111011110111100001111011011100000001110
0100000000011011111001001001111000101010111110101001001101110111
1100000000010010000101101110110011011101010111010110100011101011
0100000000010111111011011001111011110110011010010111110100110011
1100000000100010110100011010000000101000000000000111000110000110
0100000000010110100111100000001100001000001101110111101010110110
1011111111110011010001101100101111000000000001110000000100101001
0100000000000101000001011101111101010001100101010101010001110001
1100000000010001101111101000110101100111001001001011101010101000
0100000000011011001001010110010101001000100000110100010001111111
1100000000100010001000100101111001010000001111011001000000011110
0100000000010101000011000000010101101101011001111011101111000110
1100000000000001010000001101011001100100010110011111000010100000
0100000000010000110000010010111110000111010010100100101100110010
1100000000011001110110000101011100000001100011100011101000110100
0100000000100001010010011010111111101111100011101010000111100110
1100000000011000011000111000110010111010011000000001000010000110
0100000000000110011000011011000111100101111101010111110100011110
1100000000010011111011011111011011000110011101111000111010010100
0100000000100000100000001110110001101011011000001100111110101001
1100000000011100111110111000110110001110110011001010000101110111
0100000000001001011111011001001101010000101101100101100111101100
1100000000010011001111001111111101000100100010011001101100000101
0100000000100001000101011000100110110111001011011100000111000101
1100000000010011101010001011000000111001010110011011111100010001
0100000000001010111000111000101010100010110110010011001011111001
1100000000011001010101101010111001100011110011100000100001011100
0100000000011111010100100000000101011111110111011010110110001100
1100000000011100000110110101001111000110111000000001111010110111
0100000000010010000001111010011010001010100110000111111001000010
1100000000011000011010000101100001111001110110101011000110011011
0100000000100011001010100100001110010111101110001110101101001110
1100000000010100000011001011110001111101111001111110001010100000
0011111111110101100010010101111011011100010000100001000111101101
1100000000000111001100010111001101111101110001111001110011111100
0100000000010010100001010101011011111101100001110011001011101101
1100000000011110111011011011100001110010000110110000110101001011
0100000000100000000001010110010101101000100111100111011101110001
1100000000010000011001100110011001000001001010010010000111001101
0100000000010001001101110011101110001100110001101000011001100101
1100000000011111100111010000000011010110000111001010000000010111
0100000000011001101010100100100101010111101011110100011100001101
1100000000010001111111000100001111110001001011110010011100111100
0100000000011011011111010110110010100001011100011000001000001110
1100000000100011100010101100110011110010010110100010101110011000
0100000000001111010111011010101110001110011000100101011011011111
1011111111110110100010001111100111000110001110011111100001111100
0100000000000100111011110111110101110010001001010010100000010110
1100000000001001110111111100110001010101011100101000100011001111
0100000000010111011110100110010100010000110001011101001100011100
1100000000011000101000110000000110001011001101101010011110000100
0100000000100000011100111100011111010110010010011011010010000010
1100000000011111000111010101000100000101110000110100000100110111
0100000000001000001000011000101100111001011000101111011100000101
1100000000001111100010000101110111111111110111101111010010011000
0100000000011100010111000000000001000101110100011010010111011110
1100000000010011001010010110011100010110010101000101001010101010
0100000000010111101100010101111110001100001111110011110110010100
1100000000100010110001000101001000110010110000010110000101001110
0100000000010110101111010110010100100100011110100001011111100000
1011111111110011011011101000000000011000000110010100000001000100
0100000000000101010111101110010010100010100100110100111111001101
1100000000010010000101101111101011000000011011100100010000011101
0100000000011010111100010110110100100111100001011010010101001110
1100000000100001111100101000100101010100010001010111000101011100
0100000000010101110110010000011101001001011100011010100011011000
1100000000000010010010000011001000000100011100010100010110101001
0100000000010010001100010001001100111001101110001000001111000000
1100000000011101010010001100100100001110011010000101010100111000
0100000000100000110111101110110110110101001101101001011010101010
1100000000010010000101111011110011110010101001011110110100001101
0100000000001101001000100110100101110101100111110010100011100010
1100000000011010100010000100000110000010100011010111111111011010
0100000000011011110000100011010010010100001010001000011110010011
1100000000011011010000100001111001101100100011101010101100111010
0100000000011010011111000001111110110001100100110110111001111110
1100000000011011011000101010110000001101010111111010101111110110
0100000000011101001101000111101111011001100011000101000101010010
1100000000011011001000101110110001101010010111000010001011101100
0100000000011000001110001111111110101100001011110010111111101111
1100000000011100011110010010100001000011000011100100111000111111
0100000000100000100001001001110010100011001000100100000000100001
1100000000010110100011101101100010110000101101111000111110010100
0100000000001111110100110111000110000110000110011010011100110111
1100000000011011100011000011010100110111100001111010110111101010
0100000000100010000110011001001101011101111101101010011101001100
1100000000010010101000000101110100110111000111111100100111110110
0100000000000100010000011111011010101111000100110101111101101101
1100000000010011011011111111110111011011000011001101111000000011
0100000000011001010001011101111101000100011111000011010001110000
1100000000100001100110000111110000101011101111111011000110010000
0100000000011001100111110010101010101001111111001100001100011111
1100000000000010111001010101010010010001111111001111111010101111
0100000000010001111110011001000101011000110011011011110011010011
1100000000011110110011010101000001000000101101010010100101001011
0100000000011001110001100011010110110110101001101001011010001010
1100000000010100010000011110011110101100101001000101110100101110
0100000000011101000100110111110110011000111000011000100011111000
1100000000100011001111001111000011001010000001001111011100000111
0100000000001100101100100110111101010010100000111011101011001011
1011111111111011111110101010100001111000001001110111010110001010
0100000000001001011100000010000011010111110001011111000110011011
1100000000001100001110011000101100110000110101010001100100000110
0100000000011010001110110101010001001011000000111001100100101001
1100000000011000001111110000011010010111011111111111010011010010
0100000000011100100000001010010111001001100111010011111101110011
1100000000100001001001101100001010011011001011110010000000001000
0100000000010101100010100001111000001000010100100111011100111111
1100000000001010111011011001000101011001111010011100100100100000
0100000000011001000101010111011100110110100001010100101110010011
1100000000100001000000101011001011110101110000110011001110001000
0100000000011010010110001101000001100010101001011101111011011011
1100000000001000001000001011001101101110101011111010110010100011
0100000000010011111011100100011001110011001011001100111100001101
1100000000100000111000000000101011100010000010010000110111001101
0100000000011000101000011111101100011111011101001011010100001110
1100000000001001100011110110111010010001111110000101110110110110
0100000000010110101111000001110101110011011110100000110100011101
1100000000100010000111100001101110100000010100100000101111111101
0100000000010110101010000011101111011101010011111101111010010001
1011111111111110010110100011111011100011100101111010100101011010
0100000000001111101101010110101000000111101110010110100100010100
1100000000011010110101001100011100010111011111110001011000100000
0100000000100000001010001000001111101100011110000000001011101101
1100000000011000100001011000101001110011100100100011011101101011
0100000000010000101100100100010001001011110010101100001110011010
1100000000011010111111000100000101010100111010001110001010100010
0100000000100010111110100000111100110010110001000001111001101011
1100000000010001101010010010000111101000011000001110111011011111
0011111111111010000000100110001111100101010011110001100011000101
1100000000001010101001101010101011001101010000001111001010110111
0100000000010010011111100001011000101110001110110100000100010011
1100000000011111011111111111011010000110001000011111101001011011
0100000000011110000010011110110011010100100000011010010100000100
1100000000010000001011111101010000001101001000010111001010111101
0100000000010100101010010011100000011011110000100111011110100101
1100000000100001111001111010100010101111110011110010101100011000
0100000000010100110101110100010010001111100001010110011010001110
1100000000000011000110110110111100110001001101111010111100101111
0100000000010010010011001011101110011010011011111000010110101000
1100000000011011110001110111100110010110011000110110001011001110
0100000000100001101110001111011110101110010000000101000001001111
1100000000010101001001101111001101110110011000111011011100100111
0100000000000111010000010001000001111010101011010111000010001110
1100000000010110011100111011101111110110111010101111001111110011
0100000000011111111110000111100110011101101011010001001010000000
1100000000011111101111000110101000110100100011110100011110000011
0100000000001100100010110011010111011110100111100111101101010010
1100000000010001001000100101101001001100010000110101111000010111
0100000000011110101111011001001001001110011001010001011100001110
1100000000010100000010001000001110011111010010010100111110111001
0100000000010011111011010111011000010011011101101000010110101010
1100000000100000101101000100100101000100010111011010001100110000
0100000000011101000101101000000001001000101111110001001100110001
1100000000000110111001101000111010111011001101000000100111011101
0100000000010010000001111000101011011110010100001001010111001100
1100000000100000001010110010000000000001110100011010111011010111
0100000000010011011101100010010001011110101010001100000010000001
1100000000010000101111100011011000100001010011010010111000011110
0100000000011110010111011101011101111100001101000011111000001110
1100000000011111000000100011001000100010001111101110011100010001
0100000000010010001000011010101111110110111100100100101111010100
1100000000010100011101111110101111000110011101111001111001001010
0100000000100001110111000010000110010110100011011111101000011101
1100000000011001010110010001011111010001101111011110100000101000
0100000000000000010000001001101111001001111110111010100100110000
1100000000001110101011001100010101110110011110010111101000110110
0100000000011010110001100001001110010000011100100001110111100001
1100000000011011110101111000111000110010110100101101101010111111
0100000000011010101010001101101100100100110010100000010011010110
1100000000011010111011111001010001101001000100100101000001011100
0100000000011110000110111001100111101001100011001111000101110000
1100000000011100111110111011000100110100000110101001101101011110
0100000000010101011101011111011000011110101010111111100110111111
1100000000011000010001110101001111110001111010011100010001010010
0100000000100001111111110111111001010010101101100011101111010011
1100000000011010001110010001111100110111100111101011011100010001
0011111111111101011100001100101100110111110111101111000110010010
1100000000001101010100011100001111011011011110111110101011111011
0100000000011001110101000010001011110111111101011000000111100010
1100000000011010001001100011100110000011110010001100010011011110
0100000000011110010010110001010100110110010000001010011100011011
1100000000011101110001101010100011100101011010011001101111101001
0100000000010011101010010101110000101101000000011110001101010111
1100000000010110101000011000110100101010110110110001001000000011
0100000000100010001010111110000010010011110000101010110101101101
1100000000011000101000001111100010111010001000111111001011001000
0011111111111100010001111001101110101011011111110010011010001110
1100000000001101110110010001001110110001001100011000101011000000
0100000000011001111000110101111000011011001111000110010001110001
1100000000011100011010000001110111101111101101111110000010111000
0100000000011100011000101000001110001011111100101001110000000010
1100000000011001010010000101000010111001111011100010010011010111
0100000000011001101110010001011001000100001011001110110011111011
1100000000011111110001100011011010100000000011100011110110000100
0100000000011101101101111110111011000101000000000000100000110111
1100000000001111001110001010011101001011111110100110010011100111
0100000000010100101010000101011101000101101100100001001101001001
1100000000100010000111011110101101110011101001001100100011001111
0100000000010100011101110100011100101101011101010011111001010110
1100000000000001010001100000110101000111110100011110011011011010
0100000000010000111111000100011111101011110011010001010001111010
1100000000011001100001000010111101000011011001010100101010110100
0100000000100001011011001001011011111101000000011111010101011110
1100000000011001000110001011010010011111011101101000000111110110
0100000000000100011100101001000110111110011001100000001101100010
1100000000010011000111111101010111001100111100000100000110101111
0100000000100000001100001000111011110111101111010011111111100011
1100000000011010011111010111000100011011011010000010101011001010
0100000000010000100000001100011011001011000010000011001011001010
1100000000011001001000010010110001011010111100000100110100000111
0100000000100011100110010101010000000000100111110101110000010011
1100000000010010010010101011011000000110110000110000100100110000
0011111111110000001100011001111001001100000000101001100000111101
1100000000000000111110110110010101001111011110010000011100011110
0100000000001010110100111111111001100100100101100001011100110000
1100000000011000011100000010110001011000110111111011000001001111
0100000000011011111111000011101110000111101001111011011001111111
1100000000100000000100010000100000011001110111000101101101110000
0100000000011001000011111101101100111010100000011110000000101000
1100000000010001101100010100100101100101010010010010000011011001
0100000000011011001101101100111011000011110111110010001100001000
1100000000100011011010100100011011110101101101101101101000001001
0100000000010001111100001010011111111101101110111111011001010010
1011111111110101101010011001011001000110011111001111100100110110
0100000000000111000000001010100000011011000001111100011111001011
1100000000010000010101010011111010000000001011110000100100010101
0100000000011101000111001011110000100001110011110101000010000000
1100000000011101101111011110011001000011001001011010001011110111
0100000000010101100000010101000011101010111100000000101101010000
1100000000010110101111010110110110011111001101001100010100001110
0100000000100001101100010011111000000100101111011101100111000011
1100000000011101101100100000000111010111111100100111110101000011
0011111111111010001011110101111101011000111101001000100011100110
1100000000001001000001101001101001111101011000001110110110100110
0100000000010101101000010111000001100010111010111000010110011010
1100000000010000111111010010100111101100000011001010111101011010
0100000000011100101100100001000111011001011001111010001011001000
1100000000100010011001100000110010111111001000001011011010100100
0100000000010001000111001110001001001110111110111101110110000000
1100000000000010000000101111000010100100000101000101100000110001
0100000000010001000101010011010101110101111101010101110011001010
1100000000010101010000110010001010110000100000100001111001100101
0100000000100001010111010101100001110101001111001110110101101100
1100000000011101101011110010110000000001101101001110011010110000
0100000000000000011100010111101111110101000000110010011001001010
1100000000001100001000000110000100111100100111111010111101110100
0100000000011000101100110111001110011101000000011000001100101101
1100000000010010011011110111001111111101001111001011100100100010
0100000000011011110010011001000100111001110101101100111010001010
1100000000100011010000111010110010010011000111110011111001010111
0100000000001111010110010111000001101100000001001100111011010101
1011111111111010100101110010000101010001011101101101001111101010
0100000000001000110011001001100000111000101111100110001000110111
1100000000001111011001010010110001001110111110010010011100001110
0100000000011100110100000001100101110001110000100100001001010001
1100000000011001010000111011011010110011001111011100000011011011
0100000000010111110011000011101110001001010010101000011100101001
1100000000011111011000010100010101000110000011101010110001010111
0100000000100000101011101100100000000000111101010100101111110001
1100000000001110110111000001100000000011011011011101000000010111
0100000000001111011011011011101110001110100001011111001010111011
1100000000011100011001000001110111100001011101100111000000011001
0100000000010101100111101100010000101101110000001100000110100010
1100000000010111110011110101011011010110010101010010010011111000
0100000000100001100000011111111110100101101100000001110011000011
1100000000011100001110111100101000000001011011010110100110011110
0100000000000001001110110010000110101110110000111011010100001000
1100000000001101110111101000000101001000010010011000100110110100
0100000000011010011110110101000100110000001001111100101000010001
1100000000010110100100100110101110010010010001110101010111111100
0100000000011100000011011101100010100100011100101010010110011100
1100000000100001111110001110011000010001011100101111011100010111
0100000000010100011101001001110100101100101111001110011101011001
1100000000000011000111011111010011000100110001010011010011111100
0100000000010010010011001111001001111111100110001101100111101100
1100000000011011100001001110011100110101101001110101101010011010
0100000000100001111101010010000011100011001100110001100011101011
1100000000010101000000010100010000111110100111011100001000110010
0100000000000011101111101000011011100000010110010000101000010101
1100000000010011101010110110101111011100010001100101010100001100
0100000000011101111111000001011111000001101010010101100111010000
1100000000100001011011100001101100010010001000111001000011110011
0100000000010001000000100001000011110001101010110000001001001010
1100000000001011000000001010100010010110100010111011010100011101
0100000000011001001111100011101011001010011001010001010111111100
1100000000011001001110001100100000000000010010010000100100000100
0100000000011110010000000101000110110110100110111011010111110101
1100000000011110110101000100000101001110011100001010000111111110
0100000000010011010101010001001100101011001011011101110101001000
1100000000010100100001010111011011010000010000111110101100010001
0100000000100001010100101001100101101010001011110101110111110000
1100000000011011111110111101000000111101001110111110010111101010
0100000000000010001011000000100101001100110111101011000100010100
1100000000001111010010011101000011100101100010011111100011111100
0100000000011100010100111000110111111100010110011111010101101010
1100000000010110011110010000001111111111000111100111101001110010
0100000000010111111000010000100111010001111110111000111111110100
1100000000100001011101101111111101101000010111111011100000111101
0100000000011101010111011101001010110110011001001110100010111111
1011111111111110001101110110111110000011110110000110011011010011
0100000000001011100111001111100000001010101111010000101010001111
1100000000011000000110100100110010011011101010010010111100111111
0100000000010001110111101101000111010000101100010100101011100101
1100000000011011000100111001001101001100011001010010011001010111
0100000000100011001001010101010010010110010000101011011111100111
1100000000010010100001111011100000000111010101011000100100001000
0011111111110111010101000100010000011001000010000000100101010111
1100000000000111010111111100101001001011100010101110001111000101
0100000000010001111101000100111010011111101001000111111011101100
1100000000011111010100010101100010010110001111000100000110110110
0100000000011101001111101111001101000011110100100110001011011011
1100000000010001000101110000101010011100110000110100111101001011
0100000000010110010001010000111010111100011110001001110110111010
1100000000100010110110100010110111101000101101000110011001100010
0100000000010101000010000110010100000111010010100111100111111101
1011111111110101100101000010001010110000010010010101010110011011
0100000000001000001100110001000010100011100110011100101011100111
1100000000010011111111111011100101111111000110111010101001110111
0100000000011111000000101110110111110111000011110010100011110101
1100000000100000011100011000111011011010010101000001011111010010
0100000000001111001110100011010111010111001110100011110010001000
1100000000001111001001110011010101101100010100110000001111000011
0100000000011100010111011001100010010110011110001100000010100101
1100000000010111011010001000100111000101001000011101000001101001
0100000000010111110110000010100111101101011010010110001011111111
1100000000100000101110001111100011011101000101101000111100110011
0100000000011111001011110010110111110100111001001000011000010100
1100000000000101000101010111110110000100100111000101001101001110
0100000000001110010011110001111101111011110011111111010110111110
1100000000011011010101110010111101001101010001110000011101111001
0100000000010001010001001010111011000001100100011110011000000110
1100000000010111110111000100110011010001101111001111011101111111
0100000000100011011100011110111111110000111110001100101101011001
1100000000010011100100110011010101011011100111011100110100101010
0011111111101110011110110100011000011101010010010001011011011010
1100000000000000101111000101000010001101100011100111100101100001
0100000000001011111111111010011010001000001011010011000000110001
1100000000011000110101011110001110010110000101111111010000010111
0100000000011110011111101001101011101001000110111011100001011000
1100000000011110101001111101110111001011100100010110110011100110
0100000000010011010010100010111000011001100011010011110010001000
1100000000010100011110111001010011110101110001011011101010111011
0100000000100001001011110011111000000100000001010011000010001011
1100000000011100011100011001100110100111101110001001011000110100
0100000000000010110111101100001110110111011011110010100000010101
1100000000001111110001011100111000010000100110000001100001101110
0100000000011100111010110010001011110100111011001010011111000110
1100000000010101011001001111100001100010100110111110010111111011
0100000000010110100100001100010000101100101011001010110001110111
1100000000100001001100110111011110010101100011111110010111000110
0100000000011101111010000000011111100101111110110011111001000100
1100000000000000101110000100101110101110110101011111101110001000
0100000000001100011101001110111100000000000000101100110101111001
1100000000011001011001001111001001110100001011000010101010101100
0100000000010001101111001111111000000110010011100111101110101100
1100000000011010001000000001000010100010010000101101111000010011
0100000000100011000101100110011000111000011000101001000011110110
1100000000010010011000101000010100110101100100010001100001100011
0011111111110111011110100001011111000110100111111110101100111101
1100000000000111100000100100110001001010101111000000111001101100
0100000000010001110111010101010011110000000011100111010110001111
1100000000011111000111001010010001101000110000101001100010001001
0100000000011100111100000010101000101110101110110111000101000011
1100000000010010000111011111111100000100110110001011111111001010
0100000000010111011100001001101110100101000100101000000000100111
1100000000100011001100011110110011110000110101001101000110010001
0100000000010101110011100111010011001110011010110001000000001110
1011111111101110011011000001001011101001110001110111101110011011
0100000000000010100111101011001100111000100100000110111101001011
1100000000010000010100001001100111101010111111110000110000010001
0100000000011001110110001101100110001011101101001011000110110000
1100000000100000111101101000111101001101000101010111111111100100
0100000000011010010010101010101010101010011010000101100100101101
1100000000001001000010010010001111111111111100111101000000101110
0100000000010100011110001100101100011100101010101001011110011100
1100000000100001001101010100010111101111001101001001011010101010
0100000000011000101011000001111000110111100111100101111101000100
1100000000001000110000101011010010011000110110111000101001111000
0100000000010110011011111001100100101001110010110001100011011010
1100000000100001110110101110101000010101011110100101101011000101
0100000000010111011100010111001110011111000101111101011101010010
1100000000000010011001111111111100000001110111100001011000010011
0100000000010010000001101000101000110011001110011111000000111110
1100000000011101111011010110001100010000000011110001101100000101
0100000000011111010101110001111011010010010000001010001000110101
1100000000010011010001110100100101110111110011111001110010100100
0100000000010011100110111001001011101101100111011010000011100001
1100000000100001000010101101100110101100010000000100111001110010
0100000000011101000000011000010010000111101100101100111101000001
1100000000000001111101100111110011001111010010111101101110000111
0100000000001111010101110011101011001011101100100000111000110101
1100000000011011100011100111111011001000111010110111111110100011
0100000000010010000111000000100010110110011100100110101101111000
1100000000010111110000010011111000011101010100011001000101010010
0100000000100010110110001000110011100000111010100111001010000111
1100000000010101000011000110011011011110001101100100000001100010
0011111111110111001010100110100011001110100011101110001111110001
1100000000001000000011100000000000011100111101011111000110110001
0100000000010100000111101101110000010100001111110010011110111101
1100000000100000001001111011011110110111101001001000100110010101
0100000000011111101110100000100101101001111011101000100010000000
1100000000001001011010001110000010001111111111001011111111111011
0100000000010000100011101100000010001001110001010000000011101111
1100000000011101101011110111010100001110111011100100101010111001
0100000000010010001010001110010110010000111111101101010010100000
1100000000010101100110011101100101011011110010011110100010001000
0100000000100010011111101110110111010010010101011000111100110011
1100000000011000000100110101011001001010100100110101001000001000
0011111111110111110100111000110100010001101111001100110110111110
1100000000001001010010001110110010111010110011010000101101101001
0100000000010110001110011001110111111111000110110110101001011110
1100000000011101101010001111110011111111100100111001111011001000
0100000000100000110111111011111001011110001100001001000001111100
1100000000010001101101000111100010111110111000100101101001101101
0100000000001101000010011011001111011100110000001000010101000011
1100000000011010110110100000001010010111110001110100111011001011
0100000000011011010000000111110101001001011111111111000111100100
1100000000011011011001010110000011011000101011001000000101100000
0100000000011100010001111010101100011100011101101000111000100001
1100000000011010111110001110010100101101101100100111111001100001
0100000000011001100110000000111100000010111101111100100110110111
1100000000011100011000011010100011001000100110010001000011011001
0100000000011111001110111011001001111010000000000001110110100111
1100000000011001001101101100011111000011000110110000100000110110
0100000000010100001001111000101010011010000100101101101111100010
1100000000011100110011111001101111100110011110001011100011010010
0100000000100010010110011111010000000011001100101010100010100011
1100000000010000011101101101000000100010011110011111100001010010
0100000000000011101100101010111011000010010011101100111101001010
1100000000010010101011100111000011001011011101101111001011111100
0100000000010100111001010001010100101000000110000010000001111110
1100000000100000110101111111000010011101000111000000011110010100
0100000000011110011111011010001011101001111000011010010111000011
1100000000000100001100010010011011000100110111011010110110001001
0100000000001110000010011011101000001101101010010000000001101110
1100000000011010100100111011101001111111000001111000000001111000
0100000000010011000000110100011001010011101110101011111001111010
1100000000011001011101010110101101001000000011000110011100100010
0100000000100011000101111100101101101011001110100011010100001010
1100000000010101111110110001011101111111000010011000111110010010
0011111111110010110101000001001100010010010001011010101100111000
1100000000000101100111010010101011100101010000011110011111110011
0100000000010010010010101010001111000010001010101010010001100011
1100000000011100110101111001110010010000110111000111010000101001
0100000000100001011001011010100111010001110000011101000000100011
1100000000010010101111000010101001100001001001101001100111101000
0100000000001001110001101100001000110100111011110000010000010110
1100000000011000011110110110011100111010011110100000000110000000
0100000000011100111010000000110110100001001111111001101100101011
1100000000011110111110000011110101000110100100110001100010001010
0100000000010111011011110011111000110011000100000001100011000110
1100000000010100001010110001111010011000001111100000111000010000
0100000000011110100100111101110001110000100011100001100110100001
1100000000100001011101100110100001101100110100011000110001101010
0100000000001010111110011111000100010100100010110110101001111010
1100000000001000100010111010101010011011010111010101011111111001
0100000000010101111001001101000111011100010110110011010010001111
1100000000010001111100001110111010111100001111100000010000110110
0100000000011101111101111011110110000110001100010101011010101110
1100000000100010100111000101110011110000100001110110000011101101
0100000000001010000011000101010101111111011101010101101111010111
1100000000000010100011000001111100101100101000011110011010111100
0100000000010000101010100001100010101010111001010000110001000111
1100000000001100001100101011111011100010101001111100011001111011
0100000000011010010110101110010100001101110001001110110111110110
1100000000011101111110000010011010001100011011111110001110101000
0100000000011011010101111111111010101111010100011011001110011000
1100000000010101010101111111110011011011111101001100001111011000
0100000000011010111001010001001011011010011001010011111101000000
1100000000100010110111000110011001111101101100011010110001110111
0100000000010100100101001101111101110001111010010001100001000110
1011111111110111101110110001111001010110010010001101101100000010
0100000000001010010001100011001101010111010011110001100101001100
1100000000010101101010101000101101110010011110101110100001111101
0100000000100000110110101101011110111011000011011100110010110000
1100000000011110000000011110111011010010101100000101111011011000
0100000000000011111100101011100011100100100100111110110000000000
1100000000001111011111011100111011010011100000010100010110111000
0100000000011100101101111100011000011010111010001010010001110001
1100000000010010001101110001101001110010010001001001011000110110
0100000000010110110101101001110000111100110011110111111111110000
1100000000100011000100100111011111111100111000010110001001101110
0100000000010110011001100011110000111000100000010111111100110100
1011111111110001000001000000001100101011100111001001101011110110
0100000000000011010001010011010111011110001100000101010010011101
1100000000010000111100100101101101001001000110101010111011101010
0100000000011010110001000010001100100011010001010100011101111111
1100000000100001011100111011110100001100110001001001011100011000
0100000000010111001100000000101100011000010000001100000001000100
1100000000000101110011100100111110001101010000111111011101001100
0100000000010011111110010110001111110011101000110101100001110110
1100000000011111111001100001110010101000000110101001010001001011
0100000000011110010111101110111110100100111100100000100110101111
1100000000001100100101010010000101010001000001111000100101111110
0100000000010011000100110101001110001001100101111100111110111011
1100000000100000111011000000111110011011101110011100110010110010
0100000000010011011101011000101010101001010110111111100000100011
1100000000001101001110010100111011001011101000110100010011011110
0100000000011010100111001101110000000001100010011101100010000111
1100000000011110011000011111010111000101110100010010100001111011
0100000000011011000010110110101000001111111111101111110100000111
1100000000010101011011111110000101110011011110000010100111010100
0100000000011011011011011000101100010011101111110010011110011010
1100000000100010100100100100011011100000110100101000011111100001
0100000000010100011111101111000001010000111011000001001010000100
1011111111111011100100110111010111001101101111111001101010001100
0100000000001101000011110101111000011001110111001101111001000101
1100000000010110101011100010000101110110101000111111001000001101
0100000000100000101110010101110111000010110101011101011000110000
1100000000011110000010100110101100101111111100100010110101001010
0100000000000110000001001000001000101101011010001010100011000011
1100000000010000011010011010010011001100101100110000000110101000
0100000000011101001000001101011101001000100111100000111111010010
1100000000010010101010011000000000000100001010100011111111100110
0100000000010110010101100000000010100101001110100101011101001011
1100000000100010010001100101010010010000100100000111000011001010
0100000000010111010111000100111001000010111101000100000110001101
1011111111111001111011001100100110011000001011010000010101010101
0100000000001100001110001111011111001010010001001100100110101110
1100000000010111110101101011001001110101000001111010100100110011
0100000000011110011010100001101111011111001010110100101111100011
1100000000011111101011010111101100000010110100101111000011010101
0100000000010010011011000010000001011111101101110011100011011001
1100000000010010011111010101000110001010101011110001110011010010
0100000000100000010111100110111001111110011001011110011111101100
1100000000011100110011111111010010000010111100101111010111010001
0100000000001010011011000010010100000010111011110110000010011100
1100000000010011011001101001111111111101110100111000100100001011
0100000000100000111000110011000111110111001100100110101110010111
1100000000010101010100010010000111000110100111111100001111110011
0100000000001100101010110110101110011100101010010001111101010111
1100000000011010011111111111000000110110011111010010000001000010
0100000000100001100100011010110010110101101110011111000100011110
1100000000011000001001111111110111010110000100101001011101001000
0100000000000101000001111011000100000110110011010101000111111101
1100000000010011001010111101100011001101001001001000011010010011
0100000000100000000110001001111000100011011010011101110001001000
1100000000011101101001010111110100000011010000110001100010101000
0100000000001100101011000010001011110001110111000110110010011011
1100000000010011101010101010000011010001000111101100001101110011
0100000000100001011001001101011110111011110001000101001000101111
1100000000010100111111001001010101001111100110011101011011111010
0100000000001001000101001011000100000111000100001011000110100011
1100000000010111111111010110100111100001010000010100111001111010
0100000000100000010101001011011001100111111110010010011011010010
1100000000011101001100001111101101100111100010100010110111010010
0100000000001100001001100101010010011101000010111100011110110110
1100000000010100011010001111010101100010000101111100111011011101
0100000000100001111001010100010101110010010011110100110100010000
1100000000010010110000011111010011001111011010000011110100010111
0100000000000100111010000000111111101111001001011001010000001001
1100000000010011110101100101110011010010000010000111111100110101
0100000000011001011010111000100010110111010011011100110111010100
1100000000100001011111101101010111010001101101110001001100000001
0100000000011010010001110101011001001001001110110101001100110011
1100000000000011010101011001101100000101111111110010011001011100
0100000000010001100111101000110011110111101100101001101011011010
1100000000011110111011111010000000000011001111111100010111101000
0100000000011001011101010001010101000011110001100001001110011100
1100000000010011100110100000101000011001100111111101111010101101
0100000000011100111111011100001110110111101000111001100110110001
1100000000100011000111100111010100100001110010110001101010010110
0100000000001010000111100010101101010000110001001111111000001110
1011111111111100111001110010110000111011001010000011001111000011
0100000000001010001100010110010111100100001111000110011111010001
1100000000001001110100111100110111110110101011111100000010100101
0100000000011000001100000100110100010011001101001001001111101111
1100000000011000001111110000100111100111000100111000111100111000
0100000000011111001011110000110100010111001100010000101110100100
1100000000011111110001000010101110110110011011111010111011011011
0100000000010000110010101110111010101011110100011011010100010111
1100000000010010000110110111000101100100010110010101110001110011
0100000000100000001011100011000101000001110111001011011111001100
1100000000011001001101111111011100000101011101101100011000100111
0100000000010000010110111000100000000100100101111010001001110111
1100000000011010010000110101001001101010001110110111101010011101
0100000000100011011000001001110010101101011110101110000000011000
1100000000010001010001100010111011010000100100001111101101100100
0011111111110101010111101100001010010001001100111101101011000010
1100000000000101010101001100010011000101101100100000101101100011
0100000000001110111101011111100100010110001100010101110101101010
1100000000011011001101100111111110011010111100110010110010100111
0100000000011010101111110100100100110111000001011100110010111010
1100000000011011000000100110010110000101100011100100110001100110
0100000000011100110010011010001111110100100101111000110001111101
1100000000011100101011010100100001101100010111000101101000100101
0100000000011001011010110111010011011111100011111101100001111110
1100000000011001110110000111010000110111101011111010010000100011
0100000000011111010111001000101001001100110100101111000100010000
1100000000011101110100011110001111111110011001010001101101010100
0100000000010010010011011001011011101011111100011110100001010110
1100000000010110010100100011011010101101001001000010100000100100
0100000000100010101101010101110111100100101111101001001010101010
1100000000010110110100110100000100101101101100110011100111101001
0011111111110101111000011111100010001000001001001010001101010000
1100000000001000010111001001011000110001011100010101010101010100
0100000000010100100110110010010100100011001011111111001011011001
1100000000011101110111110110010110011011001100100111101110001101
0100000000100001101011001000011011111011101100000100111100100100
1100000000010000101001101001100010011101100110100110000110001101
0100000000000111011011101101011001101001101010010000110110010000
1100000000010101111110010010000110010000010101100010101000011000
0100000000010111111110001111111000011111010011011111111000111111
1100000000100000100110001011100110010010111111000111101101101011
0100000000011101100111100010010001100100111101001101111111111101
1100000000000111111011101100001001111001001101010100000111110100
0100000000010001010010011110000011000101111101001000001110000100
1100000000011110101110111000110100111101101010110010000110010110
0100000000010101001110001010111000011011110011111110000110001111
1100000000010011111010110101000100111011101010011011010011100001
0100000000100000011100101110000101000010010111010101110100000011
1100000000100000110000101100100011100011001110010000110010011110
0100000000000011110101011100101001111010100010000110110100000100
1100000000001000010000011000011100000011010000110101110110010011
0100000000010100101111011010100011101100000111001110111110111111
1100000000001100110010110110000001001110000010010100000010101000
0100000000011001110011010011010011101010100001000000001011000001
1100000000100001001011110101100011001000000010100000100101000010
0100000000011000111001111100110001000101011011001111101111110010
1100000000001001101100010100101110011111110001101000101001001110
0100000000010110111011111010110101010010101110101110010011110100
1100000000100010001110101101010011100101110100001000101110111111
0100000000010110101011101010110100110101000100000010010100101000
1011111111111101111100010001101111110000001011101010001000001100
0100000000001111010010001010001010010010011100110011111111010101
1100000000011010100110100110101110000101001001011100001011010001
0100000000100000001110000000001000101010001111010000100100100110
1100000000011000110010011111000011010111101001110000101100011010
0100000000010000101000010000001101001001000101101000010000111110
1100000000011010001101010101110101000111111101100101111111111001
0100000000100010101101101110011101101101000110101110000011111011
1100000000010011000001000100101100110101001110110010000111101000
0011111111111010101110010010000010101101100100111011110010100001
1100000000001011111000110100111101001001000100110011110011011011
0100000000010100100010101110000111010110010100010110101000011110
1100000000100000010010001011011011000111111001010111011110110101
0100000000011101010011100100100100101110000011000111000100111101
1100000000001011001011100011000101110011100100101010011101000001
0100000000010011000001000000000000001001011110010110001110111100
1100000000100000110010001011111110010011110000010101001010101111
0100000000010101100011110010110001101011111110101010110101000000
1100000000001011100000110001110000100111010110101111000111001111
0100000000011001000010011001011110100000111000111011001010010001
1100000000100001011010010010011110010010111100100101101101110100
0100000000011010101000001011100111010100000100000001001000011101
1100000000000100011010010000110000101001100011000010000101000101
0100000000010001111000101001110011110010010100100011110010110000
1100000000011111101000001110111000001000110111100110111000111011
0100000000011001101110101001111101111011000100101000111011010111
1100000000010010011000011111001111011000110111110100100000011011
0100000000011011111001110011001011010001101100111011100110001110
1100000000100011011010000010111101100110111000110100010110000101
0100000000001101001110100010111010001011111011100011110110100001
1011111111111010101110011011001100011001110001001011101010101011
0100000000001000010110000110101101010001010110000010101001010001
1100000000001100001010111100110110000110000110001111011001100011
0100000000011001101011100000000011001001010100101001011100010111
1100000000010110111101000110001000011010101110001001011101001111
0100000000011100010111100100001100101101100011001000010100011101
1100000000100001101011100011100100100000010111111101101101001000
0100000000010100110111001010011101101110111000010101100101001110
1100000000000111010011101001110011011000000011110100100011011110
0100000000010110000011001110110110010101000001101101010010000000
1100000000011110010010011110011101010011100101111000001110000011
0100000000011111110010010001001001100101000010010110000001111101
1100000000010001111101001100001110010101011111000001100010001100
0100000000010010010100011100011110110101011011100111110100101100
1100000000100000011000111010101010010111001011100010101001101000
0100000000011011110000010011100000001111001001101001111110110101
1100000000001011110001111000000010011011000011001010101000000001
0100000000010101011101110110010010010100000100110001111010111111
1100000000100010011010111100101011101101100100111010110101001110
0100000000010011001001010001000111110100011110011100100010111100
1100000000000000001101111110111111110011000100000100000001110011
0100000000010000011111110101000110110011010101001010111001111100
1100000000011000000001000000001010001010110000000010110010011000
0100000000100010000001110000100100110010000100011110111001011011
1100000000011001110001000101011000011000101011101001100110100000
0011111111111110001100100100010100110011001001101001010001001111
1100000000001110010100111101101110110100010010101110010000111000
0100000000011010010100010010010110001011010110100000101101010100
1100000000011001111100001111101011111011111110000011010110001010
0100000000011100011011100011110010000100110000101110100110001111
1100000000011110011000110000001110111101001101100110100000000001
0100000000011000100001101101100001100001100111000111101000111110
1100000000010110100010010100011010000110101000000110111011011001
0100000000100000010000111110110011110010010111001101000111101010
1100000000100001000100010111110001110100100011101000000001001101
0100000000000011110110111001000110101101100110000010101100000000
1100000000001000110101110010111001001000111001100101110010001110
0100000000010100110101001111111100110110111011000111101010110000
1100000000001000101100110000111100111101011001000100011011000000
0100000000010111010101100001100010011001010111101011101110001010
1100000000100001000100101011111000110000001001110001001100111100
0100000000011100101001001011111110000111110010101101110001100101
1100000000000011000010000010001101000011000101001010111101111111
0100000000010000011010011010010110000111000111011100010000111110
1100000000011101101101111101100000011011010011100010111010011001
0100000000010011101111000001011101111011010111100000011011111011
1100000000010101100110101010100001011000110001001101101100100010
0100000000100001100010111011011011100001111111001011001100000011
1100000000011011011111001011100111011010100010110010111110011010
0100000000000001010011000100101111101010110000110110110111001100
1100000000010000001011010111010110110110011101100000100011100110
0100000000011100110011101111101000111111000100000100010110010010
1100000000010110010111001101110111001101000000011101111001111110
0100000000010111011000101010010011101101100100001101100100000010
1100000000100001011001100010010101000011010001011011001010000100
0100000000011110011111011000111110110001010010001100110000101110
1011111111111100010100011101011111111001010010001010111011110100
0100000000001001011101100010001110110011011011101011010110011100
1100000000010101110100000000100001110101100101011110010111010011
0100000000001111011101101110100110111011100011011100000110010110
1100000000011011010111011001010101000100111001010110110010011011
0100000000100010010001100100100111001101101110000101110010010001
1100000000010010011101110001100101101110001010111001111000000100
0100000000000001111101001111110101101000110110000110111100001011
1100000000010001100111001101000111100100010010000101000110110110
0100000000010111111111000001011011111000001010101010110111001101
1100000000100010001000010000101111110001101111110011000011001000
0100000000011010001000011100110000001100100100001100010001110011
1011111111110111111110101111101111011101111010001110110101001010
0100000000001001000100111110011111000100110011010111001001101001
1100000000010101111001000100000000010111101011000000100011101101
0100000000010111111100000110111100100000110001011010000100011011
1100000000100000100001111010110010011100011010101000010101011010
0100000000011101110101001100011111100001001010111101110000100100
1100000000000111111101111100110111001110110101011111010000001000
0100000000010001000000010010000001010010100010010111010100001010
1100000000011110011001011100011011010001000101101000111010101101
0100000000010101000010100000010001110011001100101000111010111001
1100000000010100111111001010100011100100100000011001001111010101
0100000000100001001011010101000011001001010010000110100001111010
1100000000011110111110011100111000011011011010101111010011000010
0011111111111111101010101001110011000100010001100110001100011100
1100000000001001111010110100110110011100110100010011001101111101
0100000000010111000010011101110001101100100001100100000100010001
1100000000001111011011001100010110010000101000111101011110001111
0100000000011010010011111011110011111110110101100110010001010000
1100000000100010110100000001111000010101010100100101000111010111
0100000000010010011000111000010011111100001000001000101110100010
1011111111111101011101011100011101001001111011100011110011111101
0100000000001100101000010010011111110011011100111111100100100100
1100000000010100000010111000100000010101111011001010001110110110
0100000000100000110001000111111101001010101000010000100010101001
1100000000011101001101101110111110010011110110000000111111110101
0100000000000110001011100110000010001111010001001110100001101100
1100000000010001100010010001110111001001111000101010111011101111
0100000000011110111111000001101100101100100001011001110001111010
1100000000010010001110001100110011111100111100100001000010010100
0100000000010010101011110110000100001110111000101101111111011111
1100000000100000010101101110111100000010111001000110111010001001
0100000000011011101001100010101000001011110010110001011011110101
1100000000001100000011111101000100001101011110101011010111010011
0100000000010101101110110111011000011111001101111001010110101101
1100000000100010101011101000011111101110111000100101110101100011
0100000000010011010000100011001000010010100001110010100001010011
1011111111111001111110010100101010111010101110101001110110000011
0100000000001011000000100010100101111100000000010100101100010111
1100000000010100101000111101001010110010111110001000010010100100
0100000000100000110100011101010101010110110100100000011011111111
1100000000011101100010000010100011110100100010100110110010010111
0100000000000100000100111001010001101110011000001000110100110010
1100000000001111000010011101001101110101110010010101011110101001
0100000000011100010001100100001101000110010100001011110000010001
1100000000010100011101101001110100001001100010110111011011110010
0100000000011000011100010110111111010110001001100111110100011010
1100000000100010011100010001101100110110000011100110111011000001
0100000000010111111110101000100100011010110110100001001111010010
1011111111111011000001010110000011011011101100000010001011011100
0100000000001100110101010111001011001000000001111010010111011100
1100000000011000110110000010001010001001110001110000110010000100
0100000000011110001101101010111011011111011000000001000111100101
1100000000011110011011010001010001010110001001111001000110110110
0100000000010011110101001110010011001111011000101000111010001001
1100000000010100101111110100110101100010101011001000100001101000
0100000000100000111110010101110001000011001101011101101111010000
1100000000011100011110101101000111100111100110000101001101111000
0100000000000011110010001110100000000101011001111110110101110000
1100000000010000010010100101011000111011101110110101011010111110
0100000000011101011011000000101100011010010110000010000010010110
1100000000010101111001001111000000011010000001101000111110111100
0100000000010110010010110100100101001101000001001100000111000110
1100000000100001000111101101011011000110011100110110111100100111
0100000000011111100111110010100100101111000110110010011110001011
1011111111111110000010011011010100000000000010001100010110001111
0100000000000111011110100011111010000111110001000000010011111110
1100000000010100001001110111100101111010111110000110100000101001
0100000000001100100000001111010011011001010110101001100100001110
1100000000011010000110111011010101011000001100101100100000010111
0100000000100001100100011011111001101101100000010010010011010111
1100000000011000001011101111010101001000101011100110111110101100
0100000000000011111011010111000000111111000100011111001101110111
1100000000010010010010011010110010001111100100001000011111010000
0100000000011110011010001111100001000010011101010101000101101001
1100000000011101100110001001000000100100111110111011111100110011
0100000000010010111010100111000111110010110101011001101000100110
1100000000010110101010011101000111010101111010101010000001111011
0100000000100010011001000001111100011010000110011000011011100001
1100000000010111001101101101010100011000001101010101001011100101
0011111111111010110100100100110111110000110100000101101100101001
1100000000001101000011000011101100001010111000001100010111111011
0100000000011000110111100001000011000000000111100110100101010111
1100000000011111001101001101001101101000100010001101010000111100
0100000000011100110111010100001100010001111100110100101010101101
1100000000010001111010011111111000000011100001110001000101110110
0100000000010111010000000101001000101110100111010000101100010010
1100000000100010111100010101111101110000110101111011100110101111
0100000000010101101001101010010110010011100001001001001110110101
1011111111110101100110100011010110101110111011100101111011110100
0100000000000111100000111111010000110001001101101100000101110010
1100000000010011110010001111000010100100100101111100000010111001
0100000000011110001101001011000100111000000110100110000010001100
1100000000100000101100101011011100111011100100110001010001111111
0100000000010010000100001111011001110000011001101111100100010011
1100000000010000000011101001111111110101010010011000010100001101
0100000000011101000001101111010010111100110010111010101110110110
1100000000011100001001111001100110111000011111110100110101101101
0100000000010111101100101111010100001101011001010011101001111111
1100000000011010001011101010010101010111011100100001111100000100
0100000000100000110101000110111011111000101000000000110000011000
1100000000011011010010101101110000010010111101011111011000111010
0100000000001010010011110111001001100100010001000010101111010101
1100000000010100100011011000111000011001110001000111100011101010
0100000000100001011101100110101101001110010010101010000011110110
1100000000010111001011010000111010000001001111000101101111100011
0100000000000110010111101111011110011101100011110011110111111011
1100000000010100100011100001101111000110000011000000011110100100
0100000000100000000111111101110110101111000011110000011110110100
1100000000011101101100010001000011011101111100000100110000101000
0100000000001011111100010001110001011101110010000000110001100101
1100000000010011001001101000101110100001001000011001001001011011
0100000000100000110100110000100111111111111101100000100100100001
1100000000010100111100000111110010101111001101001011111011100110
0100000000001100100111001011010100001101010001101101100100000010
1100000000011010000000100111111001101100001000010100001101001000
0100000000100000111110111100111110110000111101110111011101000110
1100000000011010000001111100010110001100100100000001010110000100
0100000000001001010001100001100111000010000001111100100110110001
1100000000010101001000010101100111001011110000101101011100111011
0100000000100001011111110111111001111101101101110001011101001111
1100000000010111001111011010111110111100100000011001111011001011
0100000000000100001100010110010010101100101110111100011100111010
1100000000010011001010110000010000111010111010000111000001110101
0100000000011111011001010110100011101110011011011000001001010101
1100000000011110100110000111010101011010111011111110110011011011
0100000000001111110000001100100000000101011011100001100101011110
1100000000010011111000000100111000001000011001001111100000001011
0100000000100001101010101110000110100010000110110011110010111011
1100000000010101010001100010010100010101001001111010010101101010
0100000000000100101101100110111010011101100100011111001011001010
1100000000010011111111000011001000010011111110100100101110110011
0100000000011110010000100010001111100011001010101100010010100111
1100000000100000111001111101001011111000100110101111101000100101
0100000000010000100011101111000111100000001100001011110110101010
1100000000001101110001110011100001010101000110100101100100100100
0100000000011011101110001111001011111100001111001011001100010101
1100000000011001100101111110100011011110110101010001111000011101
0100000000011001111000101001111111011111010100011010101001010110
1100000000011110101101101100010000110000001111001111111001100101
0100000000011101010100000001011011000111010110011101011101110001
1100000000010011010101011110100100001111010011100011101000111001
0100000000010111100111010000110011110100111111110111001001110001
1100000000100010111010010011000010100110110010101010100001111101
0100000000010111010010110101100011100000001101101101001110000000
1011111111110000011011010000001110100011000100110100110100110100
0100000000000011001011101100100010100111000100101001100110011111
1100000000010001001101011010011000010111010010100100101010110110
0100000000011010001001000011110100100110110000001001001010110110
1100000000100001110110100100001110000110100011110000011011111101
0100000000010110010011101101111110110111001000011000000001001101
1100000000000011111100010010000010101000000011100100110111010101
0100000000010011110010110000101011110111010011110100001000001001
1100000000011110100101111111000100101101110011101001101110101110
0100000000011111111001001010101000011111100001000011111010100010
1100000000010001001100101010011101010010000100011100011111111100
0100000000010001101101101010011111100100100100010011000111110001
1100000000011111100011111100100101100010011100100010001100000100
0100000000011010010101111000001001000000111110000011011100100111
1100000000010010000001100101011100111010011110110101110101110100
0100000000011010101111001010010110110000110000101011100011111011
1100000000100011100000001110101001101000101000000101010101000010
0100000000010000011010010110111011111000100111110111001000110111
1011111111110111000011001011101000010000100101011011001101000101
0100000000000110101100111110110110100101010100100011111100010010
1100000000001101011110001011110111010111101100010000110011110011
0100000000011010011101000001101011000111011100011101110000011010
1100000000011010101111111101011100111110010111110111010011001010
0100000000011100110000001110000000010100110001001011110001100110
1100000000011101011001101001111100010011101000011100101011100010
0100000000011001010110001011001001111111100101100100000000011000
1100000000011000010011111001001100001010100100100010001111001010
0100000000011110110011101011100100100001100010110010111010010110
1100000000100000000000001001110011000000111000100011110010100001
0100000000010010000001110110010100000110011011100100001010011111
1100000000010010011100011100100111110010111101010111011011010011
0100000000100000001110110001001100111001010111111101110110001110
1100000000011010010111010001101001001011110011111101110010110010
0100000000001111010011010111111100110111100100101010011111011101
1100000000011000011010011010100001011000101010101011110001111000
0100000000100011010010011111010000011001101010101110000011010110
1100000000010100000111010000000010100001111010011010101101011010
0011111111110011011000000000101010011111011010110001011000001010
1100000000000101110110011010110111110011111101111100001011001101
0100000000010001001010111101100101111110000010011011001110001101
1100000000011100010001000011010000000111101011111111100010010010
0100000000100000001010011110000101110000111000000011111101111101
1100000000010110011001111111000001000100000111000010111011011011
0100000000010001001111111100000110011000011111110111111111010000
1100000000011100101011000011110011101011010111100110101010110110
0100000000100010000110101101100101100000001011111010110001110001
1100000000010001111111011001111110100100111011110001010010110100
0100000000000100111011010001101000100101000110011000000100111100
1100000000010100011001010111100001000001111010000111011100110111
01000000000110001