0011111111010000000000000000000000000000000000000000000000000000
0011111111100000111000001000110100110000100110011111010101011010
0011111111110000010000011110000000111010001110100100111001100010
0011111111111100111011111000111101100100011100111001001111100101
0100000000000100011010101010101011111010000111011000100000100011
0100000000000010111100000101001100100001011111011001000101100010
0100000000000101111101110110111010001001110110100011011000111101
0100000000000001110110001101100001011011000010100111110101010001
0100000000001001000000101111001110011100110000111111100110101100
0100000000000000110000011000111101111101010000111111000110000111
0100000000001111101001110010000000100000001000000100101110011000
0100000000000001111010000000011011011100111100011110001001001010
0100000000010001110101110000110010011100001010110000101011111001
0011111111111101110111101100101001011101000110001111100110011111
0100000000001010010000010100000111001000000000100100111010111010
0100000000000010010001001010111001000110101000111100110110111110
0100000000010000100001010010011111001010111100101111111100000011
0011111111111111001101100100111000100001101110000010000110100101
0100000000010001000100000111011011010011100000110100000000101101
0100000000000100100000010000111001001111000100010111001101000100
0100000000010000100100001001011000011100000110011111001000011110
0011111111111011001000011101001111000111001000001101111011000111
0100000000010000011111100001011110011100100110001111001110111001
0100000000001010001011111111001111000010111111000001101101100101
0100000000010001100110000010110010110100110001000110101010110011
0100000000000011010011001100001000000010000010000000000000000011
0100000000001100110001010000010110101011001101000101001001110101
0011111111111101110101101101010011000010100111100100111100011111
0100000000010010101011011011011100001111000111001010111100110010
0100000000001000010010011100100011101010010101011110000000000001
0100000000001100000110110001001011000100010100110001111110000100
0100000000000011101111000101000101100100111101111110111101001101
0100000000010000111000110110011111110000100001101011010000000100
0011111111111011011100111000111011011110001111000101101110000110
0100000000001111101010001111010111011111000100001001000010000101
0100000000001000100110100100001010010111011110010111101110010111
0100000000010001011001011101010110001011111011110111000001010111
0100000000000000101111100011101111111011101101001000110100010110
0100000000001101001111110010100110110010100101000001111011000001
0100000000000000000100011110111010010101001101001101001110000110
0100000000010010101110101111010011101011111001111111111110000100
0100000000000100011110100100000100000101000100001101101011100110
0100000000001000001001101100100111100111110010100100010100110100
0100000000000000101011101001001110101101100101011111101000010100
0100000000001101101000000011001110011000011001111010001001101000
0100000000000001111110010111110000110001011000110110111100000010
0100000000010010010111001000001000011001010011010011111110011011
0011111111111101110010111100011010110110010011001001001110011110
0100000000000101100100110111111011010001000100010010111100010110
0011111111111111111000011111101000010000100000000000011100000110
0100000000001001010100000010000110001010000111100010100010100110
0100000000000010000111100011000110010011001000001110000001100100
0100000000001111010110000010011011110110110101101010100011100111
0100000000000000001000111101100111110111010111101111011001110000
0100000000010010010100100011000010101001010101000011010101001101
0100000000000011101110001100000001001110001101101000110110100111
0100000000001001110001100110010111000110000111010010011110010001
0011111111111111110010001000101100011000010010011011001111100000
0100000000010000110000101111101110010001000111000000101010110000
0100000000000011110011011101010100000101011000111010011010010111
0100000000010000110000001001100110111101110010100100100100100010
0011111111111011001110111010010110000001000100111000001001000100
0100000000010000010101011101100111111110100011000001100001010110
0100000000001010010001010011111110111110000110110010100101000100
0100000000010001101010001000010110000001001001001111000001000111
0100000000000010110111110101011011110110000010110100101101000111
0100000000001100000110101001011101011110001111011111110011111010
0011111111111110000010010101010001100011011100110011000111101101
0100000000010010011100001001100010100001100010100101011111001010
0100000000000111110001110000110111111100010010101011000010111011
0100000000001100011101010111001010111010011110011101111000010110
0100000000000010110010101010100010110101010000010011000101100011
0100000000010001010111010101001010111011010110001100100111110001
0011111111111101001101110101010111010111011010101011000010110111
0100000000001101001110000100000100011000001111010111010001100000
0100000000000100101101111101100001001001111011111000111110010001
0100000000010001101110000101001000001110110101100011001000001101
0011111111111010010001101101111010111111010000100001010000001000
0100000000001001101001000111011010001101001100000011000000100110
0100000000000101101000110011100100100011111110001111111100110001
0100000000001110000000101000011011101000011001101000110110100011
0100000000000000110001000101111011011011010110010011100000000010
0100000000010010000101001000011110101011101100100101001111100100
0100000000000001111010000111100000000000101010111010000011111001
0100000000001010000111100110111011100100100101111110101001100011
0011111111111110000000010001011110001001011010100110101001001000
0100000000010001010111110000001001100101100001101101101100111100
0100000000000111001111011100000111010001101000001101100000010101
0100000000010000010011110001010101100110100110111101000010000001
0011111111111111001111111101110011010010010011010100110000101001
0100000000010001000101111000000010011001101100000001010011011111
0100000000000100000100110111001101001111011101001100101001111101
0100000000010000011100111011011110111101101011011110110101010101
0011111111111010100000101111010000100010100000010100110100010101
0100000000010000110010010111111000010011110100000101010111010101
0100000000001011111011001101010011000001001001000000010100101001
0100000000010001011101011100101101011110100100000111111000000010
0100000000000110111010001010111100000001111001011000101010111100
0100000000001110101111000001100110110001100111111110010011100101
0100000000000000000101001111101100100011110000111001011011100111
0100000000010010000010010001110101111000100010110010110111011011
0100000000000011111110010001111001001110000011100001110011110101
0100000000001100000000001000101110001101101011010010100100010010
0011111111111101111100011011001001100011010100011010111111011010
0100000000010010100001000011100000011101010101011001000010001011
0100000000001000001100011110001000000111100111111011100011101001
0100000000001100100010010101001010100101010101010000111010010100
0100000000000011110110000010011011111100000011001000001100110110
0100000000010000111000001010000110101101111010100011110101111101
0011111111111100001011011111101010100011100000111110111011111110
0100000000001111110111001010101100001110101101001100100111010011
0100000000000111111101101001110101100000001101111001101001010100
0100000000010001011101011001100111111111010011000100010101010000
0011111111111111001110010010001010101001010101000010100000011000
0100000000001100000000001111100010010100001111011011110110101011
0100000000000010000010010111001010000110000110000001010110011010
0100000000010001110000011010100010101111001000111101011001110010
0011111111111110110011001100010000000111011001100000100010000000
0100000000001010111110000010001101001010010100100101111111111111
0100000000000001100100000101011101010010110001101100001110101010
0100000000010001010011101000100000100111110100100101111001110011
0100000000000000001000101011010110101010110111101100100010111000
0100000000001110000111100001110100101001010011011111011011101001
0100000000000001110010101000011000011101001100101001000010101110
0100000000010010001100101111101100011010000001000010111010100110
0011111111111110110011110110000011110101110000100010001010011100
0100000000000111001101001101010101110101110011100101110001011001
0100000000000000000111000000110101101100110001101001010111101100
0100000000001100101000100110101101010010110110010011010001111100
0100000000000010011001101011011100001110000010100111010110000000
0100000000010001110011000011100110110100011011011000110000010011
0011111111111100111111111110001001000111101000011011110100101100
0100000000001010001001110111000111111000001001011110000011100000
0100000000000010100010011111011010110011011010101010101000100001
0100000000010000010111000010010011101000101101101000101111000101
0011111111111101111011011111111101110110011100100111100000011000
0100000000010001010001010011000001101010001011001111111101110010
0100000000000110011110001101111101010010000000001001110100001111
0100000000010000011100001101001101000101001110110111001010111110
0011111111111100100100001110101110000001010001101010111010001111
0100000000010000101100010011111000000100011101011011101101001100
0100000000001000000111010101110111001011011101101011101001111001
0100000000010001001010000000010110110110011101101100010111101001
0011111111111111111011110000011110000101001100100010100101111101
0100000000001110001101001010100101010100110000101000110101000011
0100000000000001101110111101100011011101010100000011111001000110
0100000000010010001111001011101111101100010001110100011011101000
0011111111111110100101010110101001001010110111001110000011011110
0100000000000110110011110001010000010001001111110010110011111101
0100000000000000001101011110010000001110100010100100010110111111
0100000000001100000000101110000110111101001110100010110000001111
0100000000000010011011010000001101010010110111010100001110001011
0100000000010001101101001001011010101110001100111000110100111110
0011111111111101101110101010110000100100001000101110010110000101
0100000000001010110011010111001001101000110011100010100011011000
0100000000000010100011010011000000110100101011110000001001110111
0100000000010000111000101001001111101100011111011010001000101101
0011111111111110000101010010011001101001101011000111100010100100
0100000000001111110001101111001000011011011011001001010011001100
0100000000000100111011000110001111111101000000010101010111011001
0100000000010001101000111110000110101110110100111000001110101111
0011111111111001011001010011100110001110100000000011000101111011
0100000000001010010001001001111010011000111110101111101111110111
0100000000000111011000000110011001101111011000000101010101100100
0100000000001101101011101111011000111011000011010010000111101100
0100000000000011000010010110111000110000010111010111111010111011
0100000000010001101010011000100010101101111011111011101001010000
0011111111111011001000000111001110010000110001001100001010010010
0100000000001010001100010000100111010110110100111101000111110011
0100000000000101000000111111110010111000101110001101011010010000
0100000000001111000100010111111110100011011111110000001110101110
0011111111111111000111110110001110101011100001101000111001010001
0100000000010010001001110100001001111010100111011001111001010001
0100000000000101101011000110001110111000100110110011001010111000
0100000000001100011000110100110001001010011001001101100001000001
0100000000000000011011100001111010100000000111010001110001001111
0100000000010010000111100000001110010000011110111101011110001101
0100000000000010110110000100101111001011010010011011010010100000
0100000000001010011111011111011111111101000110100000001011001101
0011111111111101111001011111000011011011001010000111111011000111
0100000000010001101110011001101110100100101100100110000011000001
0100000000000111101001111001101001011010001011101110100001111000
0100000000001111101110001010101001010111110101100111011111000011
0100000000000000100001001010100000011011111101000111001010111111
0100000000010001101001111011101011011101111011111110110101110000
0100000000000010011100100100001101110111101111111100100001110010
0100000000001101010000111010011101100100100000011010110111001101
0011111111111101001111010100101100000011100101101000011001111010
0100000000010010110011110001010011101000101110101111101110011010
0100000000001001100101101000010110000101111010101101010110100001
0100000000001100110100011000011011110011110000011000101110000101
0100000000000101110111000100101010110100011011000000111110100000
0100000000010000011111001000110000111111110111101001011100010111
0011111111111100110101001110110101000011010110011110011000000010
0100000000010000110100100001000111000010110011110010011110010001
0100000000000111110011010001100101011110100001011010000101000001
0100000000010001000100001011100000100110010010110010110000100101
0011111111111110010100110100010111111110101000111111000001111001
0100000000001110100011111100111100000000101110110010001011011110
0100000000000011110001010011111111010110011010111010010011101101
0100000000010010001000011101101000011011101001001010110010101110
0011111111111001101000001010111111000010100001110001011011100101
0100000000000110001110010011111010001011111110101010010110000010
0100000000000010110101111110010111100001011100011111001101101111
0100000000001001000111111011111010110110111000110111111101110110
0100000000000001010111001001101100000011101001111000100110011110
0100000000001111011100101101011110100111010100010110111010101111
0100000000000000101010101010001110000110111111010111000010010011
0100000000010010001101000110001101000100000100010101011111001011
0100000000000001101111011001010111101011000100111110111011011100
0100000000001000111110101101100101001001000110000000010111000100
0011111111111111000010100100011011111000101010100100010110010011
0100000000010000010001001001000111010011000111001010100110001110
0100000000000101000010011110010111001100000001101011101100011101
0100000000010001101000001000111110010000000101100101011001101110
0011111111111001011101111101111101100000001000101101011010010111
0100000000001010011000001100010111111001001001110111100110011111
0100000000000111011101101001100100101000101111010100100110010101
0100000000001101110111111101110110111111111010010111101100011111
0100000000000011000001010100011101001100011101000001111100001110
0100000000010001100101111101110111111110111000100010011110000101
0011111111111011010011001001010011001010111000011111010001101011
0100000000001010110000100001101110010001100000011111100100011101
0100000000000101010001100000110010010000001011001100101010011110
0100000000010000000110000010010110100110001101000010011001101111
0011111111111101001111000111001000100001001000000011001101111001
0100000000010001011011100111011111110101000000100110011101000100
0100000000001000000000011110010011110010000001111010011010110100
0100000000010000010111111011010101111101110110111011001100010101
0100000000000000110101000001000001111010001011110100110010100111
0100000000010000101111011110010011001111111100001001101111001100
0100000000000001001000001110101010010001111100100000010000001111
0100000000010000100000100111111011001011000010111010001100101101
0100000000000000100101101001011001011010110111011101111100101101
0100000000010001000011100011110100100001111001011101010011001001
0100000000000001110101000101001011010000110001111001010010011110
0100000000010000001011100111011000011100000010111000101111100011
0011111111111110100011101101101101010010111010011101000110100111
0100000000010001100011001110000110011101000000100011010001111101
0100000000000101100100001101101011001111111111001010110001101110
0100000000001111000111010001011001111000001101111001000111001011
0011111111111101001010111000011010101101110011000101001011100100
0100000000010010001001110000011011100011110100111101111110000000
0100000000001001001000010000100100001100111110110001001010100000
0100000000001111001101001101001100001110010011011010111101000001
0100000000000011100010110011101010111110000100101100001110100110
0100000000010001010110101001001110001101001011101010010011000001
0011111111111011001011111000101010011000100010000001110000010001
0100000000001100111101110100010101001011110110111011011001001110
0100000000000111010011000001001001010011010000110000001110000000
0100000000010001000010101000000110010001000100100110110110011001
0011111111111111001100111010010111110110101000111000010011010111
0100000000001111000100001100000000000010100000101000001100100101
0100000000000010111010010011010100000001010100110001100000001010
0100000000010010001011011010011010010100111011010011010100011100
0011111111111010100010101011111011010101010000101000001110010011
0100000000000101111000010100110110011100111110111111100111010011
0100000000000001101011101110011110001010111101100000111010011000
0100000000001001010100001000101011111110111001001010001111100000
0100000000000000110110001110000100111101000010110001110001011110
0100000000010000010010110000100111101000001110011101010110111011
0100000000000010000010011101110010101000110000000111111011111000
0100000000010001100100011110110011011101101010010000010110111000
0011111111111101000111011110000001101000100110010110001110011010
0100000000001011011110110110100010011111101100010101111110111111
0100000000000011011001110101011010011110010100011010001101101001
0100000000010001001110100001101111011111100001000000000111111010
0011111111111100000101010010100001100011011011101011111101101111
0100000000001101110110010111011110100000000110101110010101101110
0100000000000110100111000111010011111110111001100011000110100100
0100000000010001010010001110100100111011100110100010001110111100
0011111111111100101000111000101011001111111011000110110111010001
0100000000001101000110010101110000010100011011110111000001010111
0100000000000101011011100101010010000010001111101000011101101101
0100000000010001100010010011001100010110111101110001010001110010
0011111111111010101010010101011011011011000101110110100000110110
0100000000001010111011001100111101011000101110111010000000001011
0100000000000110010111110100010111101001110010110100011010100100
0100000000001111111000100111111101010010100000101110011000101010
0011111111111111100100100111011000100010011011010100101101100001
0100000000010001100101101000011001001001101100000010000101100110
0100000000000100011101101000011001001110000010001000011111110010
0100000000001110011110110001010110101110101101010110001110110101
0011111111111100100101000100001101011101111011001110101010101000
0100000000010010100001111110011011000010101111011011001101010000
0100000000001010011101110001111110010011101001111010010000011010
0100000000001110010111011110000111000010110110011110011111010001
0100000000000110010111110001010011101011101011001101001000110100
0100000000010000101110111100010001010000100000011100100101101100
0011111111111101001000100100111111010100010001001100011000010000
0100000000010000010010111000111000110100110100011010111111010010
0100000000000110111000001101000001100001110000101000000100110011
0100000000010001101000110010110000111001001101010011000101001011
0011111111111011100100111110100011011000011111010010101010001100
0100000000001010010010110001110110001111001010000011100100110101
0100000000000100100011111010111101100110110010101011011111011010
0100000000001111100010101000011001011101000011011010000110100101
0011111111111101101111110100011110011111001111011001100110000110
0100000000010010000100100000000000011101001010010011000000101010
0100000000000111011100110000011111000000000101101000110000001010
0100000000001110011011001111001100011000000101110110000100000001
0100000000000000111101000100111100011101100010100110100000111100
0100000000010010000100010111111100111110000100101011100110101011
0100000000000001000110000101100001011100100111000100100001101110
0100000000001001101010001000001000011111011001010110110101101101
0011111111111110110000010110010010110000000100111001110100100101
0100000000010000111010010011100001000011100010011010000101100111
0100000000000101110011010101010011000001000110100111100101011111
0100000000010000111000010001101010011001100101110011000110010110
0011111111111011011011010101010000101000101011110011111010110010
0100000000001111001010101001000010100110011000111101111000010000
0100000000001000010010111100110000111011000001110111010010110100
0100000000010001100011101000111111000110100110111110011101001010
0011111111111111011011000101100010101111101010111001001100100100
0100000000001011011000110111010101011101011011100011110100010010
0100000000000001010101111011101101001001011100110010000101100111
0100000000010001110010000000010010110000011000101101011010000100
0100000000000000111101010001111001111111011011001011101111111110
0100000000001011110101100001111101000110110010101110100101111101
0011111111111111000111000101011011010010100111111110000111010101
0100000000010010011111100101110100001110111111010010100000100000
0100000000000101110001110100010101101100111011101100010011110101
0100000000001010101001110111010000101001100001110001000101010000
0100000000000001011100111001111101010010110010010000011001000000
0100000000010000110000100000100010111011001000000101100011100011
0100000000000000110011111000100011110001010110111100100000100000
0100000000010000011001110011100101101010000111011011001001010000
0100000000000000101001010001100111001000011000111001101011001111
0100000000010001010110101101010010101010010000100111110000111100
0100000000000001010100011101100010011011101010000011010011011001
0100000000001110001100100011100100010100011101011100101010110010
0011111111111111010000100000110101101101000001100100001101101000
0100000000010010100111010000001001011001101011101110011111110010
0100000000000101011111100010010100101011100110000010111011011010
0100000000001001111010001010101000001101100100110011100101111101
0100000000000001000111001110111101001011101110101101100101100101
0100000000010000010011100001101110111101000011010111101000010000
0100000000000000111010111010111010010001011011110100101011001110
0100000000010001100011000101110110100101110010110000101010111100
0100000000000001001110110010001011000001111100000101000110000110
0100000000001101000001110010011011011100111100010111001110000111
0011111111111110111001100000101010111001101010001101000101110001
0100000000010010101000001010001100000111000100100011011000000100
0100000000000110011110100100101001101011010000100000110110010000
0100000000001010101110000011101101011110100101010010000000100101
0100000000000001110000111110100010101001011011001010100110111000
0100000000010000101001100010101000101001101011101101100101100100
0100000000000000010000010000111100101001111011110101111100100111
0100000000010000101001000111101111011000100011010100010011000111
0100000000000010000111011001010000001110010110000111001101110100
0100000000010000110001100101000010110101001110011011010000000101
0011111111111100111110000011010001111011001111000001111111011100
0100000000010000001010000110111001011001111010001010010000000111
0100000000000110111100110001000011101001110100101111011010010110
0100000000010001101011000000100100001001110100100001101010101110
0011111111111011001101010010001001000100111100000010001001100001
0100000000001001111000100010001000111101101111100110100111001010
0100000000000100101100111000010010101000001100101010010010001001
0100000000001110111001000111110010011100000101000001011100111000
0011111111111111001010100101101000011010011110110110111001100101
0100000000010010001111101111000100011110011011001101010100111000
0100000000000101011011110000111101110110110001011100001011011101
0100000000001011100100010110111001100011000101111001000010101110
0100000000000000000101111110111000011011010101000011011000010010
0100000000010001110000101011001100111011111010000111010010010001
0100000000000011101000001000100100000000111110001100111101110110
0100000000001101100001110110011010101101111111011011101010111100
0011111111111100111001101111111010001000011101001011001010100011
0100000000010010111111000010010100111100000101100110001111100111
0100000000001010111111101010101000001101101101111100001001001011
0100000000001101011011001000000111001100010100011011111110000111
0100000000001000010101000100100111001110000100111101011011111110
0100000000010000001100000101011111011100100001101101010101100000
0100000000000001101101101111101110000011101110101010011101011110
0100000000010001010000001100001011010000111101100000101001101111
0011111111111110011100111100010010011111011000001110011111100011
0100000000001110010000110110010111011001001100011001010000001001
0100000000000011101001011101001101101001001110001110011010111010
0100000000010001111111001111010010001000111110001111110111011111
0011111111111001010110110010011111010110001011010001111101100111
0100000000000111011100010010101111101001101110101000100111100101
0100000000000100001100010101010101011111001001111100101011101010
0100000000001011000101111110111000110100000100001000011011011010
0100000000000001010010110010111100011010010110101011010010011010
0100000000010001011000010110100110010111010100011111001001110011
0100000000000000111010100111110000111001100011010100111111101100
0100000000001101110100011010110011000110100000111011110100011100
0100000000000000001011001101000101100110111111011010110101000111
0100000000010010101100111111010001001111111100001011111110110010
0100000000000011100101101011010001010001100000110011010000111100
0100000000000111100001000011010111010010000011100100100011000101
0100000000000000000000100011101010101100011100010011010010101101
0100000000001100111111001011000101001110001100011011100000001001
0100000000000010110010110011000111000000100100001000001000000110
0100000000010010000000010110101100000111111001110101100000111111
0011111111111011110111011000110110001000000110111010101010100110
0100000000001000001100110100111010001101000010110101101000111001
0100000000000010110011000000011001011011110100100000110010010001
0100000000001101000010111111001100111100001100100001000100001010
0100000000000000010010100001000110011111000101110011001000000001
0100000000010010100100000011110111100010101100000010011101110100
0100000000000011010100001111101011110111100011010101111000011000
0100000000001000001111111101001101011010101001111110100110010101
0011111111111111100111110110110001011101101111001101000001001011
0100000000001110101000011100100001011001110111110101000001110100
0100000000000011100100100001110001011011100001111010111000101101
0100000000010010000111110010000000100101100001000100100001000000
0011111111111010010000000111110000000001110001100010010011111100
0100000000000110100001111101111110111010111001001000001110111110
0100000000000010100010101100110111101110101011000100101001011011
0100000000001001111110110110000111111111101100100011010010011111
0100000000000000100100000011101100011011001101000100001010000001
0100000000010000111011001111000111111100100001111001101110001100
0100000000000010101100010100001100100111000111010101110011111011
0100000000010000011111000100110100001001100010110111000010100011
0011111111111100010010010100011101101011101101011100000010001010
0100000000010001000101001100100111011011100000001001110110110011
0100000000001000111001111000110010000010110001101011000000101100
0100000000010001001010101010001001100011100100010000100101001100
0100000000000001010011000110011000001100101001111100111101010110
0100000000001110010001010100001000101000000110110111011010110111
0011111111111111111110000001110000011011110100001100000100010001
0100000000010010011111110011101000000011111101110111010010111001
0100000000000100000011011100011110100000101011010100001110101101
0100000000001001001110010001111010001000010011100110000001100011
0100000000000000010000110010101011110010100111101011011100010011
0100000000010000000100110110000100000111110000011011000111000010
0100000000000010100110111011010010110111101111101111110010111010
0100000000010001101110000110100000100110110011101011000000001100
0011111111111011101111110111100001110001010110100000100011000110
0100000000001010001001011011010000100000010100011000111100110010
0100000000000100011010011000010001001011101011111111111101001101
0100000000001111011001000111110000110001110110001000001000001110
0011111111111101110000110001011000100011010011101001011101100100
0100000000010010001101110000110001110111100010111110011111111111
0100000000000111110100111011110011001001100001011111010100010011
0100000000001101110000000001100001110011001110100100010011100110
0100000000000001111100101101011110111011110111001101111010101100
0100000000010001111110000011111111001011001110101101011100010100
0011111111111110000010111111000101100111110010010011001110100011
0100000000001001001110100110100101000100111001001100111001100100
0100000000000001001000001001110100010111101110101110010011011011
0100000000010000001000101111100111001000100101010101111101101100
0100000000000001001000111110000111110111011001010101001100001001
0100000000010001101001010011110010110010011110101111100110110100
0100000000000000110010110001111100000010101100100101111100000011
0100000000001100011001001001000011101001011001110111110101100001
0100000000000000000101000111110011010010110110000101011010111101
0100000000010010011011110000000011011100010101010110001110111011
0100000000000100000100111011011111111010010100111010001111101010
0100000000001001100001110101010001011110001100000000110000111101
0100000000000000001001000110001001111111101110011101101100100101
0100000000010000100100011010100010100101001010110001110110011001
0100000000000011101001111000001000010111101010100101100000100001
0100000000010000111111011010101001100100011011010111000011011010
0011111111111010000011000100010010010111001101100110111110100011
0100000000001110101001001101001111101100001111100010100111011110
0100000000001010000111001000001100110010000100001110011100111110
0100000000010001001100101001101000000001000010110011010100110100
0100000000000011111011110000011000001011000101110100111000001111
0100000000001110101001111110101001010101000110110100011111001011
0011111111111100110100011111000010110100111100000110000110010100
0100000000010010101100010100100010000111011001000010000001010110
0100000000001010010001000101010111010111001011101000100000001110
0100000000001101110001000010110011011010111011111011110010101000
0100000000000110110000010000100111000100010001100001000111101101
0100000000010000110000110110100101000101001110101100100010100100
0011111111111101011110001101010001100000101000101101001110110110
0100000000010000001001000100101011011111101101001001111101100010
0100000000000110000001111000111101100001010110100111010110010111
0100000000010001101100100001100011101001001101111101000010000011
0011111111111001100010011000111100001111111110110001100100100001
0100000000001001011000110110101010001100010111010110111101011011
0100000000000110001001101100101110111110101110001101010110110111
0100000000001101011010010101000010111100100110100010110000101111
0100000000000001011010010111101100001001111011111111100100011011
0100000000010010000000100110101101001111000101100010001001110001
0100000000000000010010010101111001100100111110101000111010110011
0100000000001001101001111010000110111111001001011010000011011100
0100000000000000010011110001000110111000001111111110110010001000
0100000000010000101010100000001101101111101010101001011001110101
0100000000000011010010001000000100000010101001110100100101111000
0100000000010000110010111000000001001000100011001101110000001000
0011111111111011000010111010101111011100011000111011001000001100
0100000000010000000111011101111100100110111101110001010010111100
0100000000001001111010000111111100001100100011000001000001111010
0100000000010001100000000001110111011000110110000110110100011001
0100000000000010100110001011100011101001101110010110111101010000
0100000000001100111101010010000111000100010001000010110010000111
0011111111111101010010000100110111000000000010111111110011011100
0100000000010010111111001101011010011010001100011101111110011111
0100000000001010001110101111001110010111000001010001000011110010
0100000000001100100001000011001001110010110100001111001010101001
0100000000000111011111101110011100010101001001100011010010100110
0100000000001111111001010011001010100100011001101111011001001110
0100000000000000111111100111011011100011111100100011000010100111
0100000000010001101001010011011010110111111001111100111110100001
0100000000000000111001011011010100101000110111101100010001010010
0100000000001100011110001001110110011110100110011110100010100011
0100000000000000001011100111011101110001100010011010101111001101
0100000000010010011001101100011101010100110001111111001100000111
0100000000000011101111001001100011011110100001111000101111101111
0100000000001001011001011101001110010101100011110100101100101000
0011111111111111101110110101111010111010110000110101010001110101
0100000000010000100110111100100010010001110001001010000100001100
0100000000000100011000010110001010000001111110001000010011101000
0100000000010000111101011011100011100111111111001101110010011000
0011111111111010100011101001000101101100001100111011000101010010
0100000000001111001110001110011100001100111000111100101011010010
0100000000001010001101001101000001011000011100000110010111000011
0100000000010001010111110010010110011111011010111101000110110100
0100000000000011100000011011100111000101111100000101011010011011
0100000000001110001001100101001000110000000111110110110110011100
0011111111111100111100101111011011010000101110110110101001010101
0100000000010010101100001001010010100010110100000110010011000010
0100000000001010010110010011111110111111000101101000011110101111
0100000000001101110111101100001101010000000101001110101011111000
0100000000000110110100010100011000000110011101100001100111011000
0100000000010000110001001010001011100100110110001111110011111101
0011111111111101101111001111100101111100000101000000100110110110
0100000000010000000111011011000101101101000010100000101011001110
0100000000000101010111001001011010100011111110000110111101010110
0100000000010001101101100111101000000011100000011100010010000011
0011111111111000110010000111110000110010011011101011010010110000
0100000000001001011110011011011101100001110111011111110110010011
0100000000000111001100011001110001011101001000100011101010110100
0100000000001100110001111001111011101110000110100101110000010111
0100000000000010111111011010100011111010101101001000100000001101
0100000000010001001111111110001010001101101010100001001011101110
0011111111111100010010010110010101111101101001111110010110010101
0100000000001101111010110001100100100101000100101000111010110010
0100000000000110011010000101101100100101000101100011011010100100
0100000000010001010110000110101010000001100010110001010110011010
0011111111111100000101010000001000101110011110101110110011010000
0100000000001100110110000010110011010010001101100001010111110111
0100000000000101011010101001000000111101111101000011100100111001
0100000000010001011100000101110001111000010100001010010000010001
0011111111111010111001110100000000010100000111001110100110011111
0100000000001011100001000111111100000011000111001100001011001101
0100000000000101111111101110010110110101110000001000100011111011
0100000000010000011001111100111110000011110110000000110010010000
0011111111111101101101011001001111111100000110101101111010100001
0100000000010000110101000101010010100100100000001000000111101011
0100000000000110000101110111110100110100010100010011111101110100
0100000000010000111011011001110111100001011100011000001100110001
0011111111111010110011111010000001001110110001010101000010000000
0100000000001110110011110001111110101100000000010010010010011010
0100000000001001011010111001001111010100001101110010111110001011
0100000000010001011010010100010111101111000011111110011010110100
0100000000000010010010011101100101100101100100101000000011010011
0100000000001101001001110111100000111001011100001100000101001110
0011111111111101110011010111001010110110000110010011101010100000
0100000000010010110000100001011110011010110111111100011010010010
0100000000001000111000110010010010110000011010111100110011101001
0100000000001100010111001011010001101001000000010011101111100111
0100000000000101001001010100110111111001111010101010011010011000
0100000000010000100110111110100100000011000010000100010110011110
0011111111111011101010011110101100100000001011111100110001000110
0100000000010000011011110001011100110100101000000100111100111000
0100000000001001001111101011011111010111101001111111111001110010
0100000000010001100101101111110000010101001010001011001010110100
0100000000000001010111100100101110000111110000100110101111000110
0100000000001100010000111010001000010001111101001110101101011001
0011111111111110100110110111001010000010100100010010011000001111
0100000000010010101111111101000110111000011100010011100100001001
0100000000000111000011011010001011011101101111010100000011011010
0100000000001010101000001001000110100000011001100101111110110110
0100000000000011000010101011000100000001111101011010100100010111
0100000000010000001100000011101100011010010011111101101011011011
0011111111111101001010010101011001101001110000010111100110110000
0100000000010001011010100010111000111001010110100100111010110110
0100000000001000001101001110000011001100111110011001101001011110
0100000000010000011101010111111010010100011001100111101011000110
0100000000000000110011101001010100110100001000100010110010101100
0100000000010000100101000011110011111100111010101010101110110100
0100000000000000101110000111001100010001011011011101011010010101
0100000000010000110110000010000000010001010000001110001010111011
0100000000000001100000010101000000111010010010011110000000001001
0100000000010000011011100100011000110111101000100111100101010101
0011111111111111101010100100111001010100001110001001110111101010
0100000000010001010010010100100100100000000011100011000001100000
0100000000000011011100011011001111111110001111110101101111010011
0100000000001111100010010110110110001101111001000100011000100111
0011111111111100100000000010000000000111001101111010111010000110
0100000000010010001000101100110110011101010100101011011100110110
0100000000001010011001001011011111110010110000101010011000111011
0100000000010000001001101100001011111100111011010010010101101001
0100000000000101000110000000111100011001010111111011100100001000
0100000000010000110100001100000100011000101101110001100101110111
0011111111111010110101100101110010000011011001011110110101000110
0100000000001111101101101001000000000001001110100101101000011000
0100000000001001101001111101000100101100100100010111001011010101
0100000000010001010101010101111000011000010101010100011001001000
0100000000000010101110000111111101111110000011000111001010101111
0100000000001110001000001101110011100011011111000111111010010010
0011111111111101101101001101001010100011101101101110011111001000
0100000000010010111000011110000111101001010000111101100111000101
0100000000001000100100111000001010000110010011101100001111001100
0100000000001011011001101000010101100010101001100000001111100001
0100000000000100111010101001001000011101110111110000101100011000
0100000000001111111001000010011110010010010111110000011101010011
0011111111111101001010111111100110101010000110111110100110101000
0100000000010001101110110011000100011011100101001101110110110010
0100000000001000001110001010111100110000000100101001001000111111
0100000000001111111101000100111111011001100011010111100111011111
0100000000000001010000111101111010110110011101110111100011111001
0100000000010001010011011111001101110010000000100000010010100011
0100000000000000000001101111010101010011010001010110000011110011
0100000000001110000101101000000100001011100000100011110010011101
0100000000000001111111001010000111100011010111010000000011111010
0100000000010010001010101010110010101101000011000101010011111010
0011111111111110110000011011100000010101011011011001110010000100
0100000000000111011110001010010001011101101011010110111000110011
0100000000000000000110111000101011001000101010110000011100000010
0100000000001101001111100110111100011001101011101000110011110001
0100000000000010011110101010110010101000101111001000101001101010
0100000000010010001110101101101111111100101000000100010110011100
0011111111111100010000001111011101001010110101011100011101101011
0100000000000101111100001111101110110010000011100001100011011100
0100000000000000011000001000101111110001011101110010000001110000
0100000000001010011000000011010001011000000000001000111000110100
0100000000000001111010101001010010101101100110110000010111011100
0100000000010000110111010101101111011010111011101111110110000101
0011111111111111011111101101101011000011001101011011000110110001
0100000000010000000100111011011001001011110011000101010110000000
0100000000000011010110010000100000010011100111110110100010110010
0100000000010001101111100000100110110001101110101110000011101100
0011111111111001101100111111110110011001010000010001100011111001
0100000000001001001100110101000110101010100100101100111001000000
0100000000000101101001000000110100011101101000010111101000110011
0100000000001101100001011110100101010001011011000110100000110000
0100000000000000100001011111110000001100101111000100001100011000
0100000000010010010111111110010111011101000000000000001011000010
0100000000000010101111101010001011010101001011111100110010011100
0100000000001000101110101010011100011001110000101001001101101001
0011111111111110100100000011100010000001011010101100100111001010
0100000000010000010000011001011001011011101000000111110101100001
0100000000000101100101010101000000001100010010110000011100001000
0100000000010001101001001010001110110001111111010101110100011001
0011111111111000110011001010001000000010101001010101010011110110
0100000000001001110101101101101110001001101000000101110100110100
0100000000000111010010010111010010101001011111000001001011000010
0100000000001101000100010110101100111000111100001111100011110001
0100000000000010111001100110011110100110101011011100001100110010
0100000000010001011110101101011111110111100001010100001111011001
0011111111111100000010001100110101011001000010100000101100101011
0100000000001011111011100000011011101110010001010111100011110001
0100000000000101011000110101010101110111000101110111101110001101
0100000000010000101011111010111100011110001111001011111010110111
0011111111111100011101110110011011100010011011001010111101001111
0100000000010000001110100101010011010000011111010110000111101111
0100000000000111111000011000011000001000101010111011010000111000
0100000000010001101010011100001001111010011010011100101110100001
0011111111111110000010100001011110100111000111000111011001110011
0100000000001010101100011111100010011111100100100011011010000010
0100000000000001111011011001010000101111010001111010000111011001
0100000000010000111100101010010110110001101100111001000111100010
0011111111111111010101010000100101110011000001100111110101011011
0100000000001111111001001001000100101001100000101010001101001011
0100000000000011000001111101011010110001000001110101011011111111
0100000000010001101111100110000111011110011100000011011101100001
0011111111111010011001110100001111000100100101000110010000110101
0100000000001001011111111100101110101100011100010111000001101010
0100000000000101010111001110000001100111001011100100110001101111
0100000000001110000101001010111111010101010101101111010110000100
0100000000000000011110010000001000100111110000010110010001001001
0100000000010010010001010101001011101111001011011100110001000001
0100000000000010100001000110010110001110011000111110001110111100
0100000000001001000111110101100101101000110100000001011001011101
0011111111111110100011001011100111011011111111001001000100100100
0100000000010000011000000011101111011001100101001111010111010101
0100000000000101100011011111011110110000101010100010101110111010
0100000000010001011110100110001001110000010011001111110011011010
0011111111111010000011011000101110011001011100101110010010110111
0100000000001011000010101111010011000001101100100110011001111101
0100000000000111001001110111000000011110000100100000110000010111
0100000000001111100111101110110110100111100011010001010101100101
0100000000000001010100010100111101100001010101010100100101111010
0100000000010001110010000111110011011010000001000110111010110100
0100000000000000100011110100100101111111001000111110011010000010
0100000000001011100111001111011010000101010111101010001000110111
0100000000000000100001001111100011001011110000100101110110111001
0100000000010010000101001011111010110001101101111110110100110111
0100000000000010110111111110101010101110011101111010110101010111
0100000000001010110011010010100011111100001001011110001111101100
0011111111111110010100100101111011000111101101000101011010011000
0100000000010001101101101000001001111001011100011011110010011010
0100000000000110101000101011110101111011101101101101000001101111
0100000000001111001111001001000011110111100000110010011010100011
0011111111111110101011000110100000010100000010011100000000101010
0100000000010010001101011011010011011000011100100000000010110110
0100000000000101111011010000010010010110110110001101100111011011
0100000000001100001111000010000000011000111000110011111101000000
0100000000000000101110110110101011010001000000001000100000011011
0100000000010010000001100001010001001010100011001001010100000101
0100000000000010010000100111011100101100101111011011010011011001
0100000000001010110111001000000110101000011111111101010101101110
0011111111111110000111110111010110001001010000010010011010111001
0100000000010001111101111001001000000110001011000111101011111110
0100000000000111010101111001011101000010111111001010100000110011
0100000000001110110111011100110001011110101101001101110101111101
0100000000000000011110001111001100111101111101000001010011001110
0100000000010010000010001110011100010000100011111000100000011000
0100000000000010100011100000010000010110001100101000111001001100
0100000000001010111111111110101001000101010011111011000010011100
0011111111111101100000011110000101001000000111000110100011111100
0100000000010010000111010011101110010110100111010001010101001000
0100000000001000111110010100101010110000110010000110110001001111
0100000000001111001111101110100100010010001000000111111100011110
0100000000000011010101111110010010010100000110110110010111111110
0100000000010001010011000011010011100111011100011101011100100101
0011111111111011001100111001111101000000000011111111101111000101
0100000000001101010111100011011010011000110001010010111111001110
0100000000000111100100010101010011100011110001010111000100011001
0100000000010001000100011101010010111100001100011110011100000001
0011111111111111001001111100011000100000000101001010111010001000
0100000000001110110110100010001100000101100000010010111111010101
0100000000000011000101110101000000101001010101000111011100000111
0100000000010010001111100010111110011000100011101000001100111001
0011111111111011000101100000101110101010101110010000000001001001
0100000000000101011000001101111110100000110010101100110001011100
0100000000000001000010101111111101100100101101111111011111001100
0100000000001000111001101001110111110101111111010100101000100100
0100000000000001001001110001001101011111001011101111011010111111
0100000000001111101010100111010011010001000110110100111110000001
0100000000000001000111100011101110101100110111000101111111111001
0100000000010001111010100000100000101010001100000001100111100001
0100000000000000110001001100001011100110111010011111111000001100
0100000000001010110110000001111011100111100110110000010001001101
0011111111111111111101011011010110111101001100010011001101000011
0100000000010001101100101011111000110000011010100101010010110001
0100000000000100010000111110100000101010010110100011001001111110
0100000000001110000101000110110011111001111010000110000011000101
0011111111111100101001001101110101110100010101100010111001101000
0100000000010010110010011001010101011110110001011010101110101000
0100000000001011001101011101101101110011100110101100000001111011
0100000000001110011010100111100010100010111111000010000101001011
0100000000001000000001000011110110011010111000000101000100010100
0100000000010000101001110000010000101010010111011111011010001101
0100000000000000111110100010001000101010111101101101001001010000
0100000000010000100000110100000010100101111111010010011010010011
0100000000000000110100011101110111111011110110000001111101001111
0100000000010001000010111101001101100000111001100101001101100111
0100000000000000111000101110000110110011111110111010001111101011
0100000000010000000100011010110110000011011101011100011000011011
0100000000000000101000010111101110110010010011101111011010001000
0100000000010001101110010100110110111101000000000101110100101111
0100000000000001100011100100010111100001010111011010100111111001
0100000000001100100010011010000001101110111011101100111011111001
0011111111111110010010100011001001110100011111110000011101100001
0100000000010010110011000010101101011001100100100001100111011000
0100000000000111111001100110001011001010111010111101110110111110
0100000000001011001011101010111001111000111100010101110010100100
0100000000000011110111111011010010011101010011110101110010100100
0100000000010000000111100110010101110010110011111010101001100000
0011111111111100101000001011010101110111011010000111101110100100
0100000000010001110000101110010011000001101010100100111001100101
0100000000001001100010000011101010111110010111100110001001000010
0100000000010000010001111111000010111011110101010101100110010000
0100000000000011011000001100110101010100010000111100110100010010
0100000000010000111000010111111110110011100001100001100100110101
0011111111111011101100010000111000111010001000001101011000111010
0100000000001111100111011101000000100110011100000010010010110101
0100000000001000011011111100100100000010000100110101110110111001
0100000000010001011001111010011111101111100111111101011001010001
0100000000000000010111101100011111101101011100101001100001111011
0100000000001101000110100110001110010111101111000001111111010001
0100000000000001001001101100110001110011111011111110011001111101
0100000000010010011100011110110101100001110010011001000101110011
0100000000000000110001101110100110110010111010000100011011110101
0100000000000110101110100100000000001010110111100000000101000011
0011111111111110111001101100100010101101011000000110001111111011
0100000000001011111001010011000000010111100011100101101101110000
0100000000000011010000011100011001100110100010111001010011010111
0100000000010001010111100111001100010011001110100011000110100101
0011111111111100001110110101110110100000000000111110001110010000
0100000000001101000011110010100101100000000100000010001010001100
0100000000000101010110011111100100010110100001111100010111011011
0100000000010001100011100111110101010111010010001100000100110111
0011111111111010011110011001000000000010011000011011010101111000
0100000000001010110110001100100110000111011011011011110111010100
0100000000000110010110110000010101010110100110011111001001010010
0100000000001111101111011001110010000010100010010101001001000101
0011111111111111100011101011011111111110111001010101010001011100
0100000000010001100111101110001001111111011101111000110111000111
0100000000000100010111100011010001111101100010101110000110110010
0100000000001110010110000110100110101001011001010011000100001010
0011111111111101001111011001011010010110000010010010001000011101
0100000000010010100010011111000010000000100100100110100100011110
0100000000001001101010101110011100010100011001111011110111100100
0100000000001101101011010001001001100001101001000100110101100011
0100000000000101010011110100011101100101010100011011101100100001
0100000000010000110100010100110111011001010110101110001111001101
0011111111111100001100000100110110000101101010110011110010110101
0100000000001111101011011000010111011110011101101010111100011001
0100000000000111100001100001000010100010001100010001011010000110
0100000000010001011101110110111010111010010101101000111110010101
0011111111111101100101011000100010111001111100001010101100010111
0100000000001011101110100100010101101010100011101011110101111111
0100000000000011011110010101011010010001111100110111010011110100
0100000000010001001111111000101111111001001111100000100110100101
0011111111111011001101010000010000011101111001011011000101111110
0100000000001101100101001000101100100111110010010100101000000011
0100000000000111011101010000011110000001101110001101100110100010
0100000000010001000110000001100100111100110000011110010101101100
0011111111111110011011000001010000011011100101100100010010011101
0100000000001110101001100000001101010111101000110001000110011100
0100000000000011100111100111000100001000101101101011001100100110
0100000000010010001011100010111000101001101010101101111000001010
0011111111111010001001010001001110101111101111010011011110110110
0100000000000101110101110011000101101000001111111010111001011000
0100000000000001110101001111000000100100011000100010101111110010
0100000000001001001000101010100111101111111111001001111100001010
0100000000000000101011110001111101111010111101010010000111101100
0100000000010000000010111100001100101101000100110101011111100011
0100000000000010010100011011000111100011101101111110111010010111
0100000000010001101010111000011010110010101110010101001001101110
0011111111111100001111110010101101001001111111110011101101110010
0100000000001010101000111111101000011010101110100000011010000001
0100000000000011101001011111111001000000010011110000101000111110
0100000000010000011100000111100110011001101010011001000110101100
0011111111111101011010010011011100110101100010100000111101000110
0100000000010000111000110110110011101011101100100010000011000100
0100000000000111000000001100101011100100000110011100110001100111
0100000000010000111111110101010010001110111000010011111011110100
0011111111111100101001111011100011010000101011111100100100111101
0100000000001110111110101111111000001011000010001010101011011000
0100000000000110101001011000101010101001010100011010101100001011
0100000000010001110000110110001110000001000101001111100001011000
0011111111111010110101111010011011111101010101111101101100001100
0100000000001000111010000111011111011110001010000011001011000011
0100000000000100000010101110001100010101001111001110110000111010
0100000000001101111100001110000011100111001111001000100000011110
0011111111111111000100000010010100100111111110001101101010111001
0100000000010010100101010000111011001110011011110101111101001011
0100000000000101101101000101000001011010110111000110001001101001
0100000000001010001110111101101010111100001000100010101111011011
0100000000000001001000101011001001101100011100100001101010010111
0100000000010000011101100111111000010011001110100111011100011000
0100000000000001010111000110010110001111010001100110011110101010
0100000000010001001101011010101101010101110111011010110100011001
0100000000000000001011111110111000000111000000010001101111001011
0100000000001110111001110011110010100111111110001001100001010110
0100000000000001011000011010101111110000110010111000100100000111
0100000000010010011100110011000011110000001101110000111101000011
0100000000000000011010101111111110111010111101100101000101011101
0100000000000110011000000001000111010101011100001100010010101010
0011111111111101110110001010000101111111001001000001111010011001
0100000000001011011011000001110100010011101110011000110000011100
0100000000000100000000110011001000011010111010000100001110101111
0100000000010001000000011101001110100001110111010101101000011010
0011111111111011000011011000011000010011111001000110110101110010
0100000000001110101101100110100100101000001110001011101011110101
0100000000001001000000001100010011111010011111110101001100011100
0100000000010001011011001110000011110010100101010110010001101101
0100000000000001000001010000110100000111111110111110000000011000
0100000000001100110111000100111001010010000000010001011101111011
0011111111111111110010111101001010011111111000101100000110011010
0100000000010010011110011111101111111100010111010001101111001111
0100000000000100011101011110111011011100000000000100111001000010
0100000000001001101001100110110000001000110101001000100011001100
0011111111111111111000110001011110011101000110110110110101010001
0100000000010000100111010100010000101101011001010101011010011010
0100000000000011110011111001110011011111110010011000111000011100
0100000000010000111010111100110010110111001010011101010011110101
0011111111111001111011010011111111010100110011001101101010011000
0100000000001111010000011111011000100001100100100001101100000001
0100000000001011000000100111110000100010100101000000000011000011
0100000000010001010100101111011010011111011001110110100001101100
0100000000000101100011111000000111000101000011100111101000100110
0100000000001110111111111111101100010110111011000011010000111001
0011111111111101001010010100001100001110010111101011001011101100
0100000000010010010000010100100111011000100111111110010001000101
0100000000001001011011100101000100111011111100100110100110111011
0100000000001110110100010110101000001110100110011011111000111110
0100000000000100010000000001111101010010011011100101101000000100
0100000000010001010100100001011010001101010000111111101010111111
0011111111111001110001011101011100100100000100011101110001010000
0100000000001100100100001100110001100110010111111100101001101101
0100000000001000111101111111001101101011011111001101101000001000
0100000000010000001111101111011000010011010000111010010010010100
0100000000000011010110110101111101001011100001100111011100000000
0100000000010000110111000011011101100010110010110101001000111011
0011111111111011110001001101100011100000100101000000100011100001
0100000000001111110010000111110111110111011001000101010101010011
0100000000001000100101111100000000111001010101110101100011101010
0100000000010001011001011101000000110101011011101000001011000101
0100000000000000100011101000111110000111000000101010111111101111
0100000000001101001011100010101111001100001000010000010110010001
0100000000000000100101101001001101000011000001100111100110101011
0100000000010010100110011010110101001101011110110111101110000101
0100000000000010100111010111100010001010100000111001011101100011
0100000000000111010111010111011001110100110000010101100101110100
0011111111111111001011011011111001011000001110000110000011010000
0100000000001101011010011001011010100000011011001011110111011000
0100000000000011111111000010100000101000001110111001011011000111
0100000000010001111000101100110011000110111101111011011001001000
0011111111111010011001001000010010000010010011000111101100011100
0100000000001000001110101100010100111110110100110101111000100010
0100000000000011110011111000000011110011101111000110111010010110
0100000000001100011001100100000000100011001011000000011000100001
0100000000000000010111110101010011100010110100010011110110000001
0100000000010010001111110010101000000100100101100000101001011001
0100000000000010111101101111011101111101010001000000101100011111
0100000000001001100111100111101011011011011100100101000011011001
0011111111111110001100100000010100101011000001111100111111000111
0100000000010000110110000010001100001011010100000110111110110000
0100000000000110110000010110010010110010000011111010001000111011
0100000000010000111110111011010111011101011111110001010001000111
0011111111111100101101111100110100001000101001001110000101101101
0100000000001110111100101100110010001011011001011110010011100011
0100000000000110100001111010011101101101110000010001010010111101
0100000000010001110010001101110110001101000010101101000011011111
0011111111111010010011010110001100101010000010111111110011110101
0100000000001000101101001100111110100000001000111110001101111001
0100000000000100110011110110101011010000111011100100101111011001
0100000000001100111010011010101001110110001000011110001001100000
0100000000000000100001110101111100111101111100110010110001100100
0100000000010010010110110010111110011111110111100000000011001011
0100000000000010111111100100011010101101000000101000110100111100
0100000000001001000001000010011001100111101110010001110111111110
0011111111111111011010001100110111101111001011001010000011111101
0100000000010000010101011010111000010000111000110110000010101011
0100000000000100011001000011000100011100000011001010110100101011
0100000000010001100001110101001110110100101010110111110000011101
0011111111111001110110101010011100011101101111101000000000111111
0100000000001011010100000111001010011110111110111011001001101010
0100000000000111010000101101011101001010110101000111100111111100
0100000000001111111010010100011010000110110101101100010101011000
0100000000000001000000010011000111001101110001011011110111010110
0100000000010001100100010000000010010000010011000111110111100011
0100000000000000111000001000111010000110100000010011110111110011
0100000000001100110001101011000101101001010101011111100111011111
0100000000000000010100111110100101100001010101001101101100111010
0100000000010010010110010010110000001100001100010010010010110011
0100000000000011100110111101101000100111000001101110010000011110
0100000000001001100010110101001011110101011100101101111010001100
0011111111111111100010100011111001110000000001001110111010011011
0100000000010000101101100010110010001010010011101101111100000111
0100000000000100010010010110001010011110100110011100111000110111
0100000000010000110101001110000011100110011001111110111000001010
0011111111111010001111001011001101010110111100010001001111001011
0100000000010000000010111011100100110000101010101101000011010000
0100000000001011100101011111110110100001010101000101000011001011
0100000000010001010100001000100000110001110101000101110001011000
0100000000000110100010010110000100011001111000000111101000110001
0100000000001111000101100111011101011011000101010100000110110101
0011111111111110110110000111101101111111100001110010110011101000
0100000000010010010000001100010001010100110010001110000101010100
0100000000000101111111101111010101111101111101011110011000001110
0100000000001011111110010110001111110111010010000001010101111110
0100000000000001000000000110001011010100010101111100010000000001
0100000000010001100111111010111100010111101101010111101001101101
0100000000000001011111010110111000011001001110100100111011101111
0100000000001100110101101110010110101010111011011010101101101100
0011111111111110011110111001110001010101001010000010111111011110
0100000000010010101001111100011010001011010110010101110011100101
0100000000000111011000011101101000001000001011000101010011011010
0100000000001011011001111100110000011111011111101100100011101101
0100000000000010101100001110110110011100001110110101101001010101
0100000000010000110011100100100010100001010110011111111111111000
0011111111111101110001101000101100111011001010100011010001100101
0100000000010000000110100110101000100000111110011111000001001101
0100000000000101011101010011101111011001011011111010001011101101
0100000000010001101101000101000000101101111001101110111001100010
0011111111111001010110101100001000001111001011111001010101111110
0100000000001001101010101111011110010011010011011011110011111000
0100000000000110011011010110111110000101110111010010111010111010
0100000000001101011110110110101111111011000001110011010110001111
0100000000000001100111000111010100110001110111110101101110000111
0100000000010001110111100000100101011100111101111001011110000111
0011111111111111011001001101010000011000000101101111100110111000
0100000000001010100010010110010001001111011111000111100010110100
0100000000000000111001110000010001010101111010011111010110101100
0100000000010001001010001100101110010110110010111010111001011001
0100000000000001011011010000011110111110111001001001010010100100
0100000000001111101001010011010001100000100001111011011110111101
0011111111111111110111110011101111110001101110011011000010101001
0100000000010010000100001101111001011110011010000000110100000101
0100000000000011110000011001111100010111110101100001111111100111
0100000000001011101001100100000101101001000111011100011010100111
0011111111111110101000101010010100011001101101100010111101101001
0100000000010010001000101110100110101000100110100101001011010100
0100000000000110010111011111110111010000011101101101010011101101
0100000000001101000101000001010011100110001000011100110111101011
0100000000000000101111101101000100001000111001110110001011101111
0100000000010010000011000010000010111010010010011000001011100011
0100000000000010010001111001110110111100001101100000101101001000
0100000000001010101010011000110010100101001001010100001000110011
0011111111111110010110000000101101010101101110111101010011000110
0100000000010001101011100011110000001000100111000010110111011111
0100000000000110110011000010110101000001101100100100111110011011
0100000000001111011000011001011011000101101011011111011100011100
0011111111111111100011001111110000111100110011011001110101111100
0100000000010010000100111110111011011111110001111110001000100010
0100000000000100100010011001101001101011001110010101000011110101
0100000000001100000111101010001000100101011011101101101001000100
0011111111111110111000100000101110111100110000001011001001000001
0100000000010010001110000011010100111010100111100000011101011001
0100000000000110011111101001101010011101101110110001010111010010
0100000000001100100011010110110000000100110000000011011111111101
0100000000000001000011010011011001000111110011100101101011101010
0100000000010001111100011101010000111000001110110011101011110101
0100000000000001100010000010111011010011100000000001101100000000
0100000000001011000011101101000100111011100001111000100100000011
0011111111111110010000111010101100111001110010010001101110010011
0100000000010010001010101010010101100010111010010000010011101110
0100000000000111100100011001101011101100010100111101100111010000
0100000000001101110010000101010110110101001100101101010111011001
0100000000000001110010101001111000001111100111001010100001101110
0100000000010001111110010010011010011000110000011000111100110110
0011111111111111010100011101001101000001100100100100101011100110
0100000000001001100110000100011110001101101100110011000011011001
0100000000000000101010010101000001000000111110000001011000011011
0100000000010000101001011011110111010010100011100100000011000111
0100000000000001111100000101011001010010100111001010001010110000
0100000000010000101111000010011111101100010011010011011110100101
0011111111111110000101010100110111011101101110000111101000011011
0100000000010000010100001000110110000000000010010001001001011100
0100000000000101000001110010100011000011101100000000000111001001
0100000000010001100110010001100001000100111100010111000000000110
0011111111111001000000011000010111101001110111110101111011101100
0100000000001010011110101100010100010101000100001001010011000011
0100000000001000000001000000010010001001011001110100100100101110
0100000000001101110001010100000010111011100001100111011101000100
0100000000000011011100011101110100010011111100110111110110100100
0100000000010001100100001001101001111100000000000101000100111100
0011111111111011011010011100011111100000010000111001101010010001
0100000000001011000101110110101000101010110011111000000010101010
0100000000000101000110111110000001011110110010110011011000011101
0100000000010000011111100000110100010011001100001001010101000100
0011111111111101010000011101111110101111011001000000000010100110
0100000000010000111000011101111000101000100000001010110010001101
0100000000000111011100100010010010111001010111010001010001010000
0100000000010001000010010111011111101110000011010100110001010111
0011111111111110010001100010000101000010000100101010000011110001
0100000000001110111100010010101110010100110100010111000110010000
0100000000000100001000001001000011011000001000010000011001001011
0100000000010010000101011010110101010100010010101110110111010111
0011111111111001100001111011010111101111101010101110101010111110
0100000000000110100111001011011100100110100110111000011010110011
0100000000000011001001111001101100111101101110000100010101101001
0100000000001001111101110010111101010101101101110101100001010101
0100000000000001000111111100001100101110100110111101010001110011
0100000000010000011111111000001100111001100010011010110001000001
0100000000000000111100100101001000011010011100111010110000001001
0100000000010001000110010110110001000110101010000000111010001001
0100000000000000100011101101111110000001100010001010001101010111
0100000000001111110001000001011101100111101011111001011010011000
0100000000000001001011011111001001100001010101111110011110000101
0100000000010001110101001111110110000111100010001110100000100011
0100000000000000011101100000101111000001001101011000011110000101
0100000000001011010001110100100001011110101010101110001010110001
0100000000000000001101100011010110011001101100010011010011111111
0100000000010001110110000010011001010101101010111011100100001000
0100000000000011110111101101011001111101110110101011101001110010
0100000000001101010000101110001100001110100001101011100110011011
0011111111111101001110100010111101001100010000001001000100001101
0100000000010010111000010101000101111100000100000100010011000100
0100000000001001101100010011110000110000100101000101010111101100
0100000000001100100110010011110111001000011111011111111110100001
0100000000000110000010110010001100110010100000000111100001100100
0100000000010000001011000101001011011000101010011000101110101001
0011111111111110110001011101100110111111110100110000010001011100
0100000000010001011001000011000011100110111000011011001111111011
0100000000000101010101101101000110100100111001011011001001000000
0100000000001111101100000100010111001101001100100011001000100011
0011111111111100111110000100001001111111111100110001011101101100
0100000000010010000110101111100101110011010011001001001110111000
0100000000001001011010101001001100011101001111001110011111010001
0100000000001111101100011011010010001110110001001000111010010110
01000000000000110