0011111111101100000111011000110000000001100110011001100110011001
0100000000000001101011110111000011111111101001010101001100100110
0011111111101011010011001101110101101010010010100010101011010011
0100000000001111110000101101101001111110001010100010010000001101
0100000000001110010011010000000001100001011111010100001001100000
1011111111111100100010000011100100011111010110100001010110010001
0100000000000101101100101010110001010011001001011100101111101000
1100000000000011100010001010110101111000001101100010000010100111
0100000000001110101111110100011000111101000001001001010000100110
1100000000001011101011101000100001111001000101110111111101110000
0100000000011011001110000010001001000011000010111010100111001110
1100000000010111100110110000101111101101010100111101010100000000
0100000000100001001010100111100000010110010011100111110100100011
1100000000100001110101011111101100011100111101101111110011001000
0100000000011100110000011111101101001010100100100110000000101000
1100000000010110111110000111001001001110100000100110001100001100
0100000000100000110110000011101100000110010000101101011000001000
1100000000100010111010101000111111101011101100101001011111010000
0100000000011100011111010010100101011001100011011000010110101010
1100000000010000110110010100100010010111110100101101000101111101
0100000000011100111101000111101111101111000011000011101101101110
1100000000100101101100011000101001001001000110100001110100110001
0100000000010101010100101010101110000011111101110100001100010001
1100000000010110001001111010110000110111000101101111110000100110
0100000000100001100101101110001101001111001011101010111011010110
1100000000100101111000011011000111101010100111001111010110110001
0100000000010111000100110110010110101000100110010000010101110110
1100000000010001100111100011010000100110111010110110010110110111
0100000000100010010101001011011111100100001110110100100011111000
1100000000100001001100010010110010110010001001011011110110111111
0100000000011111111111100111111000100010011010010010010110001011
1100000000010100000100100101000011101111111110000010100111010111
0100000000100010101100010100001110010111011110000111101101000100
1100000000100100101011110100101011010111110011011110110110110000
0100000000010110110000100011111111100001001110100011001010001010
1100000000000110111010001101000001001101001100001010101100101000
0100000000000101101100010001010000110001110111001100010011010000
1100000000010001100001011110101110010100011010000111100011001111
0100000000100010001101111000110010110000001011010111111010101101
1100000000100010100100010101110101010001101000101010100110111001
0100000000010000100110001110101011110110000101111100101100101101
1100000000100001110100000100101000011000110011011111010110100010
0100000000101000100011010010010011001100110100001000011001000110
1100000000010000101000101100001010100110100110111100110000100111
0011111111111101001110111100100001101001011101011101001000010000
1100000000000110011010110001101011010011011101110100000100101100
0100000000001010000100110001110010110101111011000111010001001111
1100000000011010100110001100100010100101111001111110101001011100
0100000000100000110000101101000011101110010000101010110111011111
1100000000100000100110111110010010010110001110011100001000110001
0100000000100011101101010011001010110101110000001101110010110001
1100000000100001111110011110000110110110011011001011100110111001
0100000000011001010111110011111000111010000110101100110110110001
1100000000100011101111011001011010101111011110110110010001110001
0100000000100100001101101001111010000011111011101011100010100011
1100000000001111111001010100001001101011001100110111010001101100
0100000000001111101101001111110101110001001111010011010010111110
1100000000011011111010110000000100010111010011001001000011000000
0100000000011000111101011111000100101100000111011001000010111011
1100000000100010001101000001110001111100011110011001011000110101
0100000000100101100110111101101110010011100111100100100010101100
1100000000000111110101001111101111110001011111011000000100110101
0100000000001110001100101010101100100101001111101111000011100010
1100000000011101100011111101010100111010000101111011100110000100
0100000000010011010100010101110010010010010101100100010011111001
1100000000100000000011001111110100100101100011011101010101011000
0100000000101000001111111010011001001010000101000011110000000001
1100000000010111111101100101110001111011001110011011001111000101
0100000000001000001100000101010111001110111000011001000101011110
1100000000000111010011000110010110010001001101111001111000001110
0100000000011111100001101001011111000110100000100101111101100110
1100000000100010000010111001111100101000100001010011000000001011
0100000000100100111101000101011010100111001000111100110001000101
1100000000010100101011111101110001100010001100000100001101111101
0100000000010110000111010101100000010001011111101110001001101111
1100000000100001011101110001101011100011001000000011111110110001
0100000000100000011011011000001100100001011001001101011011001111
1100000000010001101001101110101111011011001001101111011011010011
0100000000010001010110011011010011011000100111010101111101100111
1100000000100011011010111111000000100001011011101010101001001110
0100000000011101010010000110011010011010001011011000011010011111
1100000000001100001010000110110101111001110011110010000101000000
0100000000011100100110101000111001011011010100101100101011010101
1100000000100001101001101110111111101010001000111011111111101010
0100000000010111010111111110011000111110111010011111011100011101
1100000000001001011111011100000111100010100100100000111001010110
0100000000100001100001111110010011000110110101111001100011100010
1100000000100101001001011011101000110011001001100001011101001100
0100000000100000111100101011111101110100101010001101111101010001
1100000000010100110011001010100101010000011011101100001101100010
0100000000100000011110110000000000010010011010101001100011010101
1100000000100100100101111110001101110101000010101001011101100001
0100000000010111110110001010011110010001100001001000101100101101
1011111111010010111110001010001010111111111100111100000001001000
0100000000001110000111101101011110011100000101110100101010010101
1100000000010111101010111101100110001001100001100000111100101110
0100000000011011100101101000111100000011100101101001110000000100
1100000000100101111110101000001011011000111100111000001101111110
0100000000010100100000010010000000000011000010011010110000100100
1011111111111010101001110000100110110001010101110010110110100101
0100000000010000111000101110010100000010001101010010011101101010
1100000000011011111011010011100111001101111010000000101001000000
0100000000100011100100110100001100000010111010110000100101110010
1100000000100001010000110010011010000001001010110111001100110101
0100000000001100010001101001100101110010101101011011100011011011
1100000000010101110111010010110011001011011101011100110111101001
0100000000100010100100100100100010110010010001100001101100101111
1100000000011010011000000111100011101010000110101001010110000111
0011111111111101111001111011001101000011100111101111011101011101
1100000000010001100100011110011111011001110111100101010110011111
0100000000100000010010001001001100100111111001011110010111010011
1100000000100011011011000010110011110010010101000010010111101001
0100000000010100001000111111000001111001100111101010110100110101
1100000000100001000011010001010100000001101001001111111000110100
0100000000101001010001101001100101011100101100100110111010101111
1100000000010100101001100111100011010110111100111100111001010111
0011111111101010011000000100101101111001011011001111010100010000
1100000000000001011001010000010100111000101001111100100000011111
0100000000010000111111111010101101010110111111100100110111011001
1100000000100011001111101000001010001011010111111111011001100110
0100000000100100010101001010000000010110011100110001010010100000
1100000000010110000110011100101110111110010101101101011100110010
0100000000010001110010001001100110000110000001110001101100010100
1100000000100000111000110001011011111011110100111110001100110010
0100000000100001011000100000100111001011000100101101111101100000
1100000000001110101111010011100001101011010011001111011010100101
0100000000001110001011001111001100110101000010001110101100001110
1100000000011110111111010011111111111101110111100101100111010110
0100000000010110110001101110000000100111011110100011101011010101
1100000000010101011111110000000001001011010100011001001100011100
0100000000100001000010100111011001000100111111000111110010001101
1100000000100101101100100110101111000100110111010000010110011111
0100000000001011100011100111001111111111011100001010001111001010
1100000000010001010101101111000110000011011100101000101110100011
0100000000100000011101010100010110010011000100011001101101001101
1100000000010010000101100010101111100010101011111001110100110011
0100000000011011010001011010100100001101101011000000111000110111
1100000000100100101101100011110110110101110001110000010101110001
0100000000010010010100000111100010011100111101110101111111111000
1100000000000011101100001111110110010011000101001100000001110000
0100000000001010110010111110110011011111100000011111011000111100
1100000000001010101000110010111011001111111100001010111010101110
0100000000011110100011100110001001000101011111100100110010111010
1100000000100011100001000000001110110001011100001111110001111101
0100000000011111111101110010011000100011011111101010001000001111
1100000000011011011100000110110111000110011000011100010111110101
0100000000100011011110001110000011101010011010101001011101010111
1100000000100101001111100110111100111011010000010101101111010101
0100000000010101101000000101100110010000001110000010000001011011
1100000000010111100011011100001110111111110000111110011010110101
0100000000100000010100100100100010011011000111011101111010011010
1100000000100000001000010001111001100110010000011000000100110100
0100000000011000011101000101100000111110111011011100101000000111
1100000000010101011101110111001011101111000110110000001111101000
0100000000100000110011001011000100011101101100001011111110111011
1100000000100101111010000110110111010010000111110011100100101101
0100000000010001101011010111000100011010101111101101001000100110
1100000000001100111100000111001001110111010110110111010100101011
0100000000100000001011011101101010011000101110101011101100110100
1100000000010110101111111000011001111110011110110101011011000010
0100000000011010010111111011110001000110011101110100001001101010
1100000000100101011100000000000111000110000001111011110101010010
0100000000010010110011000011111000110010010010100010001011101111
1011111111111111100001001000011100111011001000100111011101010100
0011111111111111000111100010100110101101110000010001000001101110
1100000000010111010101110010001001101010011100111011001000110000
0100000000100000001101110001000100010010011101001110000111100111
1100000000100100100110110000010100011110101101000010110100100100
0100000000011100111100010110110110010101001101110100111000101100
1100000000010101010111111010011111010101111000000101101011010001
0100000000011100111011000101101101111000111010101110111100101110
1100000000101000010110001010011000010010101100101111011010001110
0100000000011001110111110101100111110000110001111001111100011011
1100000000000001001010110000000110010111010000000011100010001010
0100000000011001010110110010101000101001110011110000000011001110
1100000000011010111010100101001111000011010110010001010110101101
0100000000100100011000111111101100011001010101100001011010110000
1100000000011010010010000011100101000001110001101001001001100010
0100000000000110111010001011110010010111101101101000010000101011
1100000000010111000111101001011111011110010100000110011110110100
0100000000100010101110010101001010011100001101001100000001001110
1100000000100100000001101011110100100010000000000110111110111011
0100000000100001000001011111111110010111111110111110110001000011
1100000000010100011011000011111000011110100001001110111010001010
0100000000100010010011001010000000101011001101000111101100100011
1100000000100111000111011110111010011011011010110000100101011100
0100000000010000000111110111100010000111111000000001100001000001
1100000000001000100111010011111001010011101001001110101011000000
0100000000010011100101010001010000100110110101001111011001110111
1100000000010001111100001000010001011111110011111100010111110011
0100000000100011010111111011100010101100000000011110011111000011
1100000000011001111011111101010001000111000001000100111100100101
0100000000011111010110001110001001011001011010100010001010000100
1100000000100000000100101101001101110110111111001000110000100111
0100000000100110000011111110100000011101000000100001011011100110
1100000000010000011101101010011010010011101001101001101000110001
0100000000010001000010110001110010111000110011001101101011010101
1100000000100011101110111100000101101100111010001001100110010011
0100000000100000001011110111001111111011110100101101000011111111
1100000000011111011110011101001111110000011000001010001011000100
0100000000100010001100110000110101111111011101001111011010101000
1100000000100110001000001000000101001101111001111110101100111101
0100000000010001110101000000101000001111101110111010110000011110
1100000000010101010100111101101011010111101101110001000011101011
0100000000011101100011110101000101110001001010010101010001010011
1100000000001011001110000000100111101110001011000100101101010010
0100000000100000000000100001101000101001100011001001000011100011
1100000000100100111000010111111100101011000101110011110111110111
0100000000011011010110011010000010010000111111111001011101011110
1100000000000100011110001000000100010000111010111010011000001101
0100000000010000111100011101010110010100101001000010101100110010
1100000000010101011101100110110000000110111111011001110111100000
0100000000100001110000100111110010111000011011000000100011000001
1100000000100000110110001010100001101010111000001100110010001001
0100000000000011001011000001101001101000101110010100101100101101
1100000000010000000101101110011110001101110001110111000000001111
0100000000100010111100011100011110101010101000101010001111100011
1100000000010001110111000011000000111010100000010110101101110110
0100000000011010100000110101100010011110101100110111011010000001
1100000000101000000111010100001000100010110001111000100101010001
0100000000011111001110110101101110010110111100110011010001111100
1100000000000001100000101011110111000111010011100011011000000011
0100000000010011000010101001100100110011100100001010101011010011
1100000000011110001000011000010111111011110001100111110011000100
0100000000100101100001000111111100001010101111001011011010101010
1100000000011101111100000101100011000101010000011101110001110000
0100000000010111101111011001000110011110001010001111110100111100
1100000000011011011011011000111100111000100001100101000101101110
0100000000101000101110010110010000011011101010011100000010101100
1100000000011111101110110001101111101100110011000011100110100010
0100000000000010010001101010001110110101000011110111001010110111
1100000000000111011110110000110010100001111001110010111011010100
0100000000011011001001001100110010101001001101001001010100100100
1100000000100010110011001101110100111100000001100110000100011101
0100000000100100111111010000101011101101001101011010100110000000
1100000000011011011100001011001111010100010010001001101110100010
0100000000011000011101010111010110100110001101010011111001000110
1100000000100101110000100010001010101111111101101100000100100101
0100000000100001101101100110010001100111010010110011110001111111
1100000000001001110110101000001100011100001110111110000000110011
0100000000010010110111011011111010010111010111000101001100111011
1100000000100011000001111110001001110011011100000010010111000110
0100000000011010001001100101111100100110111111001011101111111111
1100000000001101101100000000111011011001011100011001110011111110
0100000000011111011000110000100101001011100110000111010101110011
1100000000100010101100100101000001100001010001110011101110000011
0100000000011111110011101100111110000110000011000110110110010010
1100000000010111100111011010100110101101011001011001110110000101
0100000000100000100101101000100110000100010100010001111011000000
1100000000100100010001110000101001111011101000101000011000010010
0100000000001001100110011101110100001011000110000110000111101001
1100000000001000001000011010101011100011101101100100001000000011
0100000000001101001101110110101010001000111101110111010110001010
1100000000001010010101101000001010110111010100010110001000101101
0100000000011100101101111101001001110011000100011111001011110110
1100000000011110100100000100101001000100101011111011011010011000
0100000000100011101010001011010000001100000111101000110111110001
1100000000100000110011111100001010000001101101011101000100110011
0100000000001011001110000100101101110101111100011100000101101100
1100000000011000010101001101001110011000100111101111000100000001
0100000000100110010110111010001111101111111010010110111001011111
1100000000011010000010100110000001111010101011101101011100111011
0100000000000101100100111010001011110011111011111100001101010101
1100000000010110111011001101011101110110010100011110001000010001
0100000000100100100001101110010110110000011111011010011010111010
1100000000100101101010011011010101101001001010000010001000011000
0100000000010001111100001000010100100101100110000101000000010110
1100000000010011010011100100111111000000101001010000010101000100
0100000000100100100100000101100000010101011010001001001010101111
1100000000011100011101000111010100011111101011101000001001111111
0100000000010101001001110011110101101001111001110101001100000001
1100000000011001010111011111111001101001010111000011010101110101
0100000000101001011111110000001101000110011010110001101100111100
1100000000010111000100010010000010010000101001101000000000110010
0011111111011101010111100100000000001111100001111110100000110010
1100000000000000111010001000110010111000001000111100000110110111
0100000000010111110101101010001001110011000000010000101000101110
1100000000011101000111010000011001111110111001011001111101001101
0100000000100010100111010000001111101011111110110111100001011100
1100000000011000000111100100100100011110110111011100001001001111
0100000000010110010000110100100111110010010010100111101110100110
1100000000011111100111011111010000111011111010010011100000110100
0100000000100100110101111111010000010000101001010100011110001100
1100000000010101010100111101110011101100010011011100010011000110
0100000000001011100000100000100100100011111110101001110100001001
1100000000011011110111101001001011110100111111001111111011110001
0100000000011011001001001111000011111101100011011010000101010101
1100000000100010011000111010100011110010101001000001111010111010
0100000000100010000100001101111100110001101001100110000110001101
1100000000000001100000001001001100100010010011000000010011001111
0100000000010001110001100001111011000010011010100111101110101110
1100000000010111101100001100000110001000101010111010010101011101
0100000000001111001011001001110111110001000001110001111000101101
1100000000100010010000111111110000010000000111011111000011110001
0100000000100100010110011010010011101100101000011111110000111101
1100000000010111111000110010000001111011001110111010010111000110
0100000000000110001001000101001101101000111110001100011010010101
1100000000010100111111011111000101000001100010001101100100111111
0100000000100000011001011001100110110010010100011111001111010111
1100000000100010110001110100101100111011101111001100001101010001
0100000000010111001001101111110111101111000111100101110011101001
1100000000001101000100000011001000111100100000000011010010101000
0100000000011100111000000011101101110111101010110010101010110110
1100000000100001000111010000111001001100001101011011011101001101
0100000000100100001111001111001101010010001110111011000010110010
1100000000011000110110101111000100010000110011001101111010110001
0100000000010101010000010101111101011110000000001110000111001101
1100000000100101111011010001100011110111111111110000100000011110
0100000000011000110111001111011010010111111110100011001111000101
1011111111110110101001110111110111010100000100100001001011011001
0100000000001100001001101011101110011000111011100110110011110110
1100000000010101011010000001010110001101100100110000100000001110
0100000000100001100011010101000011000010000011000011000010001011
1100000000100100101101011011100001111110111011001110011101001000
0100000000010100000001011001000000011010000010011011100111000111
1100000000010101001101100110100011011010001100010011001100011011
0100000000100100011010111010111010010001101011001110010111101000
1100000000010011010111000011011100110011001110101111101101000110
0100000000010100101001111001110000010001011100010101111000011010
1100000000100010101100010010110111010001000000111010101110001101
0100000000100001110000010011011101001001100000010111101111011010
1100000000011110001111011100111110001001101010101010100101100101
0100000000100001100101101000011101110110101101010111001110011011
1100000000100100010010110110110011011000110111000110110010111001
0100000000011111100001111010011111000111110001010000111010110111
1011111111111110000101000001000110001100110111101101010001011000
0100000000010100111000000011101100000011111101111010011100010100
1100000000011101100001101110000111101011010000100101110011101100
0100000000100000000010110101110011110010110110100000001010001000
1100000000100010111111011000101011010100010011111001000111000100
0100000000100001110000010100000010101000110110010100111110011011
1100000000010101110101110101101000000100010000010111101111110001
0100000000010101011011001110000111010010011111001010000111011100
1100000000100011111110111101001010010011010100111111000010111101
0100000000011011010110110000110010110111010110010000011010001010
1100000000000100010101011011001011110101011110101010011010001111
0100000000010010100011100110001111000000111011110101111111010100
1100000000011110010100001110010001001101100000010000101001110100
0100000000100011010001110001101111011011100100101011100101111100
1100000000100011000010000110011000111011010111111001101010000011
0100000000010000101011100011110011100111111101100100000010110000
1100000000010001001000011100111110100000001010101010000111000001
0100000000100011100110110010000110111011100110000100010000111100
1100000000011001100110101010000011111001110101110011111111000001
0100000000011011010000000011011111101010000101001101001001001110
1100000000100111111111010001100011100110001110111101100011000101
0100000000010111001011010001101100100010011001011000100100110011
1011111111110001001101001010010000011100110010110010010101000011
0100000000010000000101010011001111100111100011110010010101000010
1100000000010001000000100100101010100011110101011111101011101101
0100000000011101000001100001111001111111000011101010010111000010
1100000000100111000001110011011001100101011001000100101011001110
0100000000010100111001111000110001110100110101010101011010001011
1100000000000100100110100111100111010000110101100000110001100000
0100000000010110100101010001110010111101100010111010000100000010
1100000000100011110000100010101111011011000100111011000111000010
0100000000100101011110000100000000001111001110110101111111111001
1100000000010101000000001000000000111101101001101000100101010011
0100000000011000100111100010000010110111000000101111011001011111
1100000000100010001101011010110111000100001001001110111101011100
0100000000011110010011110001111001010011110100011000111000100001
1100000000000110010001100000000111011111011010001101111100011000
0100000000010001110000011001110110010111110110110101010000101111
1100000000100101111100011000000001001101100011111011000100011110
0100000000011000011111010111110011010110010101011111011000111110
1100000000001101101001101100001100001010000110101001110001000110
0100000000100001100001110101010110011000000100000001101101101101
1100000000100001011111101110001100100000011110110011010100100010
0100000000011001101001000010111111000100001010001111011011110010
1100000000010111010111011000101100111111110110101110100001110010
0100000000011101100011001001000101001010111110010010000010110110
1100000000100011010101110010101011010011111001111011100101001101
0100000000010101001010111001111111101001100110010110001011110100
1100000000010100001011000111000010011101100011011101010100100010
0100000000100011111110010110000101011111111110001000010110110101
1100000000100101001110111010110101110110101111000101010010110000
0100000000010010101001010011110101010001000110100001001001110111
1100000000001111001001001100101010110111010000010001010110001001
0100000000100000010000110101000010010010111011000100110010000000
1100000000011110100111011011011001101000000010110100111111101101
0100000000100001010110001001000001011001001000010000100011010110
1100000000100001110011001001101001011110011110110001101111101100
0100000000100011000001011011010010011100100100010111010000011011
1100000000100100101110101110101010001100101011011010000000001111
0100000000011000111010100101001100011110010111100011110110100111
1100000000011100110010100110111011010011010110101001010111100010
0100000000100100111110100010111101001010001000001101011111001101
1100000000011100111101010110011001000111000101011101011100010100
0100000000001000001000100111001101101000000001110011000001110110
1100000000010100001100011001110100101100110000000100110010011100
0100000000100010010100111000111101000101011100101000000011101101
1100000000011010111101111110111101000010101100111101111001001000
0100000000011101011000101111111000100111111111000011101111000010
1100000000100111101101101010111010110110001100110001010110001100
0100000000011100010110001101010010110000001101010010011000110010
1100000000001110000110101011101100000111101001010110010000011100
0100000000011000010010000101101101010101110111011100011010000001
1100000000100000101110100010010000010110000000011110011111000111
0100000000100010101111100101000101001001111011011110000001001000
1100000000010000001110001100100001010010001101100110000001001001
0100000000011000110000011100100001110010011001111110110100101101
1100000000100000000101010001110110011010100001111111111001101000
0100000000011001001110000000000001011001111111010000011110001011
1100000000011100001000101111101010100111011001101100110001011000
0100000000100010101101100100100010101001000111111111101111111011
1100000000100110000111011010110010111100010001110101110000100001
0100000000010001000011000011011110101110111110000011010000000010
1100000000010100010100001101000010111100111110000111101011110011
0100000000011001000011101001010001101001000010011011001100100110
1100000000010110010101000111110000101011000000111110111111001111
0100000000011111100101111000010101111010111000111010000111110011
1100000000100100001111011101011010000101110111100011111001110110
0100000000011101101010111001110101100100011000101110110111111001
1011111111100111010111011101100100011000011101100010001111100010
0100000000000101000110001110110111100001111011110000100110010011
1100000000010010100010100001100110111111100111100011011100100001
0100000000011111011001001110111110010101000110010110100101001100
1100000000100111101111010010011100111101011010001110001110100111
0100000000011010100011100000110001000111000110110010110010111010
1100000000001100100110110011011101010101011110101001000100110001
0100000000011011000000101110001011111000000100011100001011110100
1100000000100011101101101110010000000100000011100001100001000000
0100000000100000101111001000101010110001110101011100101010110100
1100000000001100001000110100101011111000011111101101011100101110
0100000000010111111001101011100011001101110100111111101001000001
1100000000100010000100000010010110111110100101000000101000000010
0100000000011011001110010111010111101001100101011010100110111001
1100000000010101000100011011000011011111101011000101110010111001
0100000000011111110111111010110010000010111101010101000001110010
1100000000100111100110000100110111101101100000011100110110011001
0100000000001101111100111000100011111001110001101111010000101010
1100000000001100010110110100000010111110100100011101010001010000
0100000000011011101100100000001001010100100010100011101011000010
1100000000010111000101111011100010110111000100000100001001000011
0100000000011101101000110110101011100101011011100000111010111000
1100000000100101111010010110010010000111001111000001001100101010
0100000000011101111100011100101001000111010001010010011101000111
1100000000010011010110000101010101001001000011101100011011111000
0100000000100001111010011010000111001010111001111100100000101010
1100000000100010011111001001100111100000110011000100010000110001
0100000000011010101000011010000001110010111001011001111111110101
1100000000001001111111000011001100110010100010000110000111010011
0100000000011101100000010100000111101000000011011101110111111000
1100000000100110001010111011000011110111100110110101110110001100
0100000000100000111101001110110110000100000011001001101111110000
1100000000010010011010100010100110111111100101001010011110001001
0100000000011010110110001110010011110001001001010111100110100100
1100000000100110000101010100011010011011101101000100100000110101
0100000000011111011010011110101011011101010001001111001000010000
1100000000001110000010001100010100100110000100100001000111100100
0100000000010001011110110011100000000111000001110000001001111000
1100000000100010111101001100100001011000001110100111001111011001
0100000000100011000100000010000000101011000101010110001000010001
1100000000011100001110111001101100010000011111001011001010101001
0100000000011101001110000010000010011010000010001111010110110010
1100000000101000011000110101000011000110010110101110110000101110
0100000000010110010110110011000101111100111010100000110101101110
1011111111110110010111100011001110000111110000111110101101100001
0100000000010000110110010111011011111011001110101111101110001100
1100000000100001010111110000110001011010101011110001101001001101
0100000000100010101111011101101100000101111111010001011111110101
1100000000100000001001100000111100011010011111001101001111100000
0100000000010000100000010001111100100011101100010110001001010011
1100000000011010111001001010010000111001000110011111001111101001
0100000000100110000001110010110001110111000111110010000111101101
1100000000100000110110111100111101000101101101101111110100001110
0100000000001110001101101000000011100110010010000001001101110011
1100000000011001101110111001000000100011111111000111110000100110
0100000000100111011001010100110111100000100011000100011001001010
1100000000011101011011011011000001000001010010111111100101000011
0100000000000001111010010011110100010011100101100111010100101001
1100000000010001111101101010000111010010110111001100101010111001
0100000000011111010011010011011011100011011011100001111011011101
1100000000100101110011110010010110010101111000000000111110111111
0100000000011111101111011011110111111100100111011101001111100001
1100000000010000010111000111101001111111010101100001111001000101
0100000000001100100100000001010010001001100001101011110000101010
1100000000100001111110110011111011011000111000100111001101100001
0100000000010011001111101011010111100001100111100100011111010001
1100000000010111011011011100110111010111101011111111010100110111
0100000000100111000111111111011000110111110101000100001001010000
1100000000011010011111001110010001000101100000011001001000111001
0011111111110010111110100101001110010111010101010000110011101111
1100000000010101100000011001110111001101101100001110010101100011
0100000000100001010111011000000101001101001010110111011010110111
1100000000100011000100111101010110011000011100100010001111010001
0100000000100010011101001100111101110001110110000111111001100100
1100000000100000101001001010011110110010111100101110101110110100
0100000000010110100010010110110110100000100111011001000100010010
1100000000100000110010010100011000000110001100000111101000000100
0100000000100111111011011011010110001001110101111000001101101101
1100000000000110000010110110110110000111000011111100000100110111
0100000000001011000001001101100111010101100100111000000011111010
1100000000010011010100110000110111010011110011001010010011001011
0100000000001011011101011011000110100100011110001001111000011110
1100000000010101101101111010110011010111011010100001100000001011
0100000000011011110010000111101111111011000000100000001000100000
1100000000100010101001000000000001000101011101000101101011110100
0100000000011111101010110000011011110001011011010011110100110110
1100000000000010101000101100000111111000111000000101010001010111
0100000000010101100011110100011001100001011010011011010001010001
1100000000100000001011100110011001011100000011011011001011011110
0100000000010111100011011001001011100000000100000101010000001111
1100000000011010101001011011011101010110011111101010110011010111
0100000000100111001101111001000011000010100111111010101111011010
1100000000100011100011000001101101101001010000000010011000000000
0011111111111111011011010011101101110111100110100101010001101100
1100000000010000100011111100101010010101000110011000111000000111
0100000000011011100000110010000110110101001100101110000010010100
1100000000010101001100011110110010000101011011001011001110111000
0100000000011011100010100111000110110010010010111100011001000011
1100000000100101001101001000110101011110110110000011011101101011
0100000000011011110100100101101001001011101011011010010000001111
1100000000000000001100010100000001111100011101101100100000110101
0100000000001110100111100100111101001111100101000011010100100110
1100000000011011110100001101100001101010011011101001010111010100
0100000000100001110101111011101001000111110111010110001111111011
1100000000011110111001101110010110111110111001101110010101100000
0100000000000001110001100010111010011111101000110100010101000000
1100000000010001010001111111001100001011101111110001000100000110
0100000000100001111110011111000111001100010101000100101010000101
1100000000011000101101001000111111111011101110001101011100111010
0100000000011010011100111100000001111100010000001000100100101101
1100000000100111110111111111110101010111001011100101011101011010
0100000000011100111111001110010110111111000101011110010101001000
1100000000000100110001000011001001001001001101000011000111000000
0100000000010010101100011001110100000001000100010110101101000100
1100000000010100011101010010111100000011110110010010000101110101
0100000000011100000010100111111110111001001110000011101100010001
1100000000100111100001101010100011110101011110101010111010010100
0100000000011001011101000000010011111001001110110011000000111101
1100000000000101111100100110110110001110110100010010100101100100
0100000000010110000010000101110100011011100110101010011111011000
1100000000100001000100000010000101011111110101000010000000000111
0100000000100001000111100001011101110011100101010010001100011001
1100000000011000000100110100110101011000011000110101010111010000
0100000000010111101001111010001010101001011101001001111011101101
1100000000100101001111111110010110111001000000101000010110010011
0100000000100001100110110100111111110000101010100001101101111111
1100000000010101111111101001110000000110110010000110000010010110
0100000000100010011110011010011111111011011100111111111111111101
1100000000100101010001111110001011111110011110100000110000101011
0100000000001100011001101000101111011101000001100101011011110110
1100000000000010001110110011101111000110011010101110101110110101
0011111111110110001010000101010101001101111101101010101101110111
1100000000010010101011000110100000010000110011100100000011110000
0100000000011101011111011000010011100110111011011001110011011011
1100000000010101100000110001111100000011010001100010001110111011
0100000000100110111100111010110101011011111100110011100100011000
1100000000100010000111010110110110111111110110110110110100100100
0100000000000100101011011111011001001111110111100001111011100100
1100000000010011011100010101000100010100100011011010000110011100
0100000000010101010100000000110010100011100011010011011000001010
1100000000001100111001000111111010110000110001100111111110110000
0100000000011100000011011100110000001100110100001010001001111000
1100000000100010111001000011100011010100000101011101101101110001
0100000000011001101110010010001111010100111111111010001001111111
1100000000000100010100001011101101110001110110011110111010011100
0100000000011100101111011100010100001101101110000010001101011101
1100000000100101000001101100000110001100111010101001000000100010
0100000000100000011110110011000001101001101010101001000010110000
1100000000001111101010101000100010101110100101000111111001000001
0100000000010111000010111001001101111010111100011100000000011110
1100000000100010011010000111001001000101010001011000000010111101
0100000000100000001100111001000001010110100101110110111011001111
1100000000010110010011100100011010010000110001010011010110101010
0100000000011001011100011101000110000111010101110011001010010111
1100000000101001010101000011101001110011100111001000000011100110
0100000000010111000010100111001101001110111011111010010100100110
1100000000000011000100010001001001101110000100111010100001110101
0100000000001010000001010000111001101111010100101010001100000000
1100000000001101001100111100101110110111001111010010111011011001
0100000000011011100110111001000110110111101111000110011011011100
1100000000011110010110011001101110110110101011110001010010111100
0100000000100010011101101011000100101000100001010100011010101111
1100000000011001010111101010100110011000011110111111010000101000
0100000000100000000010111111110101001101101110010010011100110001
1100000000100101111110000010110101111110010100100000011111101010
0100000000011001101110001101011111101110010000100011100101000000
1100000000010101111100011011100111001001101011111100101001010101
0100000000100011110011000010000010111001011001111111000100110000
1100000000100101001110100101110001101010000001011010100000101011
0100000000010111101111100100101000001101000111101100001000111000
1100000000010011111011110011011111010101111110000100110101101011
0100000000100001001011001110111011110100001100111101100011011010
1100000000011011111001100010010000100110011000101110110100111000
0100000000001110101000010011100111100101100001101001101100100000
1100000000011101111010101010011011010101111110001001011000110001
0100000000100101110000000100110010111001010011011100001111010011
1100000000010010111000101011010110100001000100001010100011100000
0100000000000000011010100111010111111110110101100011101001000010
1100000000010010111111010000111010001101101110101000110101001101
0100000000011101100111101100000100011001110011100100010001100100
1100000000100111001011000101110001110111100110010000100100000100
0100000000100000000001110010010111101101000111100010011001110100
1100000000000000101000111101111100001100000011101000100010100010
0100000000001110101101011100011100111101111010001011101001100001
1100000000011101000101000100011001110110110110101101001010011111
0100000000010110000000001100110011100011100000110101110001110100
1100000000100000101011111100101000011111100111010000100101110101
0100000000100101011001011000111001101010011010101100000011010100
1100000000011110001011010011110001011110000101001111011010101100
0100000000000011000000000011010100111010100110110011111101000111
1100000000010110011110010010001101011011001110010100010111010000
0100000000100001111101010001110110100100101000011110101011111001
1100000000011110011010111100011011010011010111110100000110010001
0100000000011110110101101110111011101001100100110111000001111010
1100000000100111110000010111101101100101101100000000001111001000
0100000000010101010101001110000111111100101011010100011010010001
1100000000001010000010111011100101101101111000000010100011110100
0100000000011000101111101000101001000000001101111000000011010111
1100000000100010001110101001111110011111010001010000000111001001
0100000000100011100111100011101111001110110010111001011010101011
1100000000011000101101010001000011101111101100110000110001011101
0100000000001100001000111100100111000011011010001010010001100001
1100000000010000011001000000010000100011011011111011111101011011
0100000000100000101011111101000110010011100011111001100111011011
1100000000100100001100011000111110100110100011000000011001101110
0100000000011110000011101101100110011111111000110111110110100101
1100000000010011001011110110100000010011100001000110110000111100
0100000000100011000011010111110001110011110110011001010010111001
1100000000101000000100101110010111101010111010010101110001000100
0100000000010111110100011011010001100100001110111000110000001100
1100000000001001110001011110110010100111110110111100100111101000
0100000000001100001100101000110100101110000111101000001111011010
1100000000011101001000110001000011000000111111001001100110000000
0100000000100010101000011111110110100100011111000100011000100000
1100000000100000011011010010011100110010111001010001011010101010
0100000000010001001100110011010110000011111011111010110110101010
1100000000011010100101100100001101110111101111011111111101100101
0100000000100110110011100010011101100000010011000100101010000011
1100000000011111110000011011011110001011101000010110000111011111
0100000000001110010101010011011011110110110100111100110100101010
1100000000011101100000011010100001011100101101001100011101111111
0100000000100010111000001010100011111101001001110011000110110011
1100000000011100100111000011001001100101010100110101001101100010
0100000000001000110100100000100110100011001010111010010001000000
1100000000010001010001100011110100001101110010011101101011100011
0100000000100001100000100011011001010011101010001110001001011010
1100000000011011010000001001110101011000011111010001110011011110
0100000000011000000101100011011010000000011001001011010000100111
1100000000011110101001011001010111011000000111111000111101001010
0100000000100011110001000001011000100101001011010110101011000000
1100000000010100010001110111101111100000111001101111000110111110
0100000000001000001010011101111111001110010111111110010000000011
1100000000010100011000111011010100111000111110101100011101110110
0100000000100000010111001001100010110001111001001000111100111000
1100000000100111100010100101100101100001011000001111011011000011
0100000000100000000001100101000110101001111100100000100001000101
1100000000000001010101111111010010100010111001000011111000011011
0100000000010111001011001100000000010011001110000000111110110111
1100000000100001000011101101110110011110010011111000001011001011
0100000000011110100011111110001011110110100110000100011000000111
1100000000011010111010001000111010110001100100100100011111000011
0100000000100001110101001111111001010000111110101111000000111001
1100000000100000100111110110111000111111010111101100000000010001
0100000000011111101110101010001111101111001001000001110101000100
1100000000011100001111011100001010111010010100101101110000000100
0100000000100010001110111110000010100111100100011100010101011010
1100000000100100011010011011110101101011110000011111011011110111
0100000000010011101000010111010011110000000100111100011101001101
1100000000010011100010000110110100111101000111001101100111010111
0100000000100000010001100010110101101100101011101010010011110100
1100000000100001001111001101111000011011000100110010011100010101
0100000000100101000101110101101100001111010011011110001010001010
1100000000010110110000111110011110101100000100001001000000100011
0100000000010111101110100010100000011000000110011000111000111111
1100000000100100001110011100110101101111100011011011001000111010
0100000000100010001000101000000001000001001001010101001111011001
1100000000010101001110101001111010111110001001010001101001000011
0100000000100010100010111010000000000110110000010000100111001111
1100000000100101011111110100101011011100010010011011101000100111
0100000000001100100101101000001001100101001010110011010100111010
1011111111111000101000111011111001110000010001011000001011010010
0011111111111101101111010100111001001101111110111001110010111111
1100000000001100011100110100110000000000100010011111100011111111
0100000000011011100010111110111000111110101010101000100001111011
1100000000010101101000010011100101100010000010110001010101100100
0100000000100111000110111110001010011101011010011101000100101100
1100000000100001001101100100011111011000001001000110111011101001
0100000000001011011100110011100111000100001101001011111001101100
1100000000000101111000000111111101010110110101100011000111101111
0100000000011011001100011111111100110101100110001100000100101011
1100000000010001110100101001001001110011111111010001011010010100
0100000000100001101110001010110011100100001111001000010010011001
1100000000101000101011000111100100001101001001111011000101111011
0100000000010001000101010000000001111100111011100110111000001001
1100000000001011010010011011111011010000100010111111111000111010
0100000000001010111011010101111110100101101100101010001000110000
1100000000010111111001000010101101101110111100100100110000111011
0100000000100010010011110001101100111010000000011101000111110010
1100000000100001010001101111010000101000000101001010100010100100
0011111111111101001001000010100111010010001011010010100111001010
1100000000010001101111001001110111010010100110011110110101000110
0100000000100000101001110110110100110000001001111101011101001010
1100000000010111111000000111110110000000110011110001000011000101
0100000000011001111011110000110010011100010011100011000010000110
1100000000100011001100111111111111000101111101011110111000011100
0100000000100100001010101000100000011101100100100001110011101111
1100000000010011100001101111100011111000000011001100010010101101
0011111111111010111011110110001010111010011011011101111110100110
1100000000001001011100111010101010001010110010100010001101110000
0100000000010011111110000001000000001000100110100010001001010100
1100000000100001011010001100101001001100010000011110001010111110
0100000000100010011000000101100001110011110111000100011001100100
1100000000010011111101110100000011010101111010111010001100010000
0100000000011100011000000111101001000000101010101010111011010111
1100000000100111011101111110110100001000010110010000110000110101
0100000000010100111110111001101010101010110011001000010010001110
1100000000001010011100101001100110011010110100000000101101111000
0100000000011000001101101010001010101101010110101101100001100011
1100000000100001110010011010010011101011010110101111110101111100
0100000000100011101000110000010100010001000111010011100101011100
1100000000010001011010111000111000001010110011101010010010001110
0100000000010010001000111111100100001011110110110100001011100001
1100000000011100011000011100110011100000100100101011110111000000
0100000000011101001001101000000001010110111001101111010110010110
1100000000011111011110011011101100001100010000001001111100100011
0100000000011100000100110101000010011100000111000010001101111001
1100000000100100111110010011101000110011101111001011010110010000
0100000000100010000110110101011011000100010110000100110111010000
1100000000011001010110111000011000110111011011111011100110011011
0100000000011011011100110110100000110110001111011000101000110111
1100000000100100100011101011111011001110011100110110000011111010
0100000000011010011001100110100010111010101010110010001110011000
1011111111101100010000111111011101001000101100101001110011010000
0100000000000111000010011100110000101001100110101101000100101010
1100000000010110001000010110011110111010001100101010011001001101
0100000000100000111001111001111011010101001110100110101101010101
1100000000100110010100101011111111100011110111011001001100000111
0100000000100010011010111000111111101000000111000101100111001111
1100000000010011101011011111110011010100010110101011111100101000
0100000000011111111101000100000100010110000101001011100111010110
1100000000100100101100110001110110001010001010110110110001000111
0100000000010010011100110110001000100011111100010110001011010011
1100000000000001100111111000111000011001011100111001101010101010
0100000000000010111110110101111110101000111101011011101010111010
1100000000010100110010111010100111010110110000000101000110011101
0100000000100000000111000110010111100010100101111100110010011100
1100000000100011111110110001111100100111000101001010101010011110
0100000000011101001100000101100000101011101100100111011010001110
1100000000011110100111011101110101100100000101011110010000100100
0100000000011111010110011111011010111001010111011100110111011110
1100000000100101010110001101000010110001101011001110000101000111
0100000000011010010101000111011000100011011100111100110101001111
1100000000001000100001010110100111111100100110000000010111010111
0100000000010111000011111000011111111111011100110101111111110010
1100000000011100011001000110010010111000011100101101011111000010
0100000000100110110010100010010001001001010100100011000101110111
1100000000100000000110010010101110111110011000101100010001101100
0011111111110010010010100000011111000110111100101001100010111100
1100000000010000110100000010110010000110011010100101110000111001
0100000000100001111100111010110001011001110100110000010000101111
1100000000011111000010101110001110001010110100000011110110111110
0100000000011101111110001100100100110100011110110010010010111111
1100000000100010000110001100101110101110100011100000101000111110
0100000000011001100110001101111111110001001011001011001101000011
1100000000010011011010000001100101010010111100101101001000100100
0100000000100011100100101000010000000010010111001110010101010101
1100000000100100001100011011110011110010011100101110101110000000
0100000000010010100111111101100100111010111100100110110000000000
1100000000001001011010101000110101100001001011011110001110011011
0100000000011111101010010001011101101101101110010001100001001011
1100000000100001010001101011100010001000011100111110011011101011
0100000000100010101110000111100010110001101101111000010110100100
1100000000100010111100010011100100010110111011111110111110000000
0100000000001110011100011010001000100010010001000011100000110100
1100000000001101001000010111101111000100110101000010101100101010
0100000000100011010011010100111101101111110011101000110101100000
1100000000010101000110000001011011100001011101110101010111011110
0100000000010101100011100101011010111000101100100011110101110111
1100000000101000100000110001000111100011111101110100000111110001
0100000000010110110010010001111010110110000101000100000010111110
1011111111111000001101011111011100101100101101000011001110000010
0100000000001101011001110000100000100100100000011111010110001011
1100000000010110111110011100101111110110111011100010001000010101
0100000000100010101111101111010111011111010001110011101111100001
1100000000011111011010111110001010111110111010111100011100000100
0100000000000111101100101101111110111110110011001101101011001011
1100000000010101011110100111110010001110111111001100110110001010
0100000000100001010101001110101100100111000110011110010111111110
1100000000011110010001100000111011100001011110100110101000011111
0100000000010101110010100011001001011010010101011010111100111000
1100000000100011110110000100000111010101001010000000010100001100
0100000000100110111011001001111101010000001110011101000011001101
1100000000010000011010010011010101101111000100101010100110110001
0100000000010000100100001011011010110100010001001011011100001010
1100000000011011101111001101010110100011011110100001001010010100
0100000000011111101001011010111100001011101010011000010011111111
1100000000100101110101011011100011000100000000000010011010111101
0100000000011100001111001100101100100011101111110000000100100010
1100000000000011100011010001110100110000110110111000011100100010
0100000000001111000101011010011111111011000101110111001010110111
1100000000100000000111011011100000101111101010010111010100110100
0100000000100000010000010100100110000010010010010110001010010110
1100000000100000010000010001100101010011000001111011111010011000
0100000000100101100000100000001000001001101001001101101010101101
1100000000100001000110111111010111111000110100101000001100000100
0011111111111011000100011111110100000010111010001100010010000100
1100000000000101110010011010000011000100010010001001001111001000
0100000000011111011110000011011001001011111100000010110001001000
1100000000010110101000110000111010100101111000001101101110011001
0100000000011010001110100110011001101010100100011111011010111010
1100000000101000011100001001010011011001010010101000100101110110
0100000000010111010101001111110001100010011011111001110111011101
1011111111110110001001011100111111111000011100011100000101110100
0100000000000101011000100001000011100001011111110001000101100010
1100000000011010100110001001101010011000100001111101111110010100
0100000000100011100100101000001111010110111010110010000100001101
1100000000100001111010101101100101001101000111011010010110111101
0100000000011011011100100010100111001101100111111001100110110001
1100000000011000010100001111111111111110110001110011100110100100
0100000000100010011110111001000001011010001000111001111011100010
1100000000100001110010001010110011000100111010101111000101001001
0100000000001010011011001100011010000011100010111111000010110101
1100000000010100111111001101110101101101111010001101111100000001
0100000000011111101110001101101111110110000101000101100000011011
1100000000011001001001111000100100111110110010111110100001010101
0100000000011110010001100001001000101000010100010011111110011010
1100000000100010111000110100101011010000001101000101000010100101
0100000000011110100101011000101010011001000000101111100001100011
1100000000000010001000101111011110000011011011111101101100010111
0100000000000011010011101011101011100001111111001110011011011110
1100000000011000110010110010111111111011110001111001100000011001
0100000000010110100111111110110111111100111101001110110110001010
1100000000100001000110101101000101011011101100000110111010011001
0100000000100100100001111011011011111100110111110100111001101000
1100000000010011010101111000011110010011110001110111011000110000
0100000000000010100111001111110111101101011111110101000001110100
1100000000010101111101111001110000101000110011001001001111100111
0100000000011000100100001100111111101011011001111010110000110101
1100000000100000110111101110010011000001101010000010000011000100
0100000000100110000001001010010110100101000000101101101001011000
1100000000010011111010000010011011101000111110111001110101100111
0100000000010000010100100101101100001110101010001111111000100000
1100000000010100100100110111111100111110010100100000100110011100
0100000000011100111100011000000011011000011111010110011010110001
1100000000100111000001100011101001110001001000001000011011011011
0100000000011010101011010011000110011000011101110100110001100110
1100000000000001000110101110101001100010101010110110000000010111
0100000000001101110011100000110011011000100100011011010000010000
1100000000100001011000000011101110000101110010111110010110101100
0100000000100101111111111001011100000000001010100000001111111111
1100000000011100000010000110101100110100101011001010010001111111
0100000000010111101001011111110000110001110000110010100101010111
1100000000011100111001010001010001001001101101100100000110111000
0100000000101001001100111011000100101010011101111111100100010111
1100000000011100100101111111101001011100101010011000010000111011
0011111111111100011111100110100111101000001011011001110010101101
1100000000010001001110110000001100000011001100011110011111110110
0100000000010101011001110111001100000001110001110010011110000101
1100000000100001100100101011111001101101101001110011111100001100
0100000000100010011000010010000001001100110010111011000011011101
1100000000010110111000011000111010000110110001101101100000100010
0100000000010001101010110011001110101111010001101001010001000011
1100000000011110001101100111101101010110101100010101100010100010
0100000000100011000100111110101101010110011011100111000001001010
1100000000010110011001000010011000111010101010111011101110110100
0100000000010010000101011101010110111111110111010010101111110010
1100000000100100100011000110010000111101101010110010101001110001
0100000000100101010010010001000011000110001100101011001010100000
1100000000010000111010011101000111110110110001011101011011100110
0100000000001000010001011010001111101100010111010011010001101010
1100000000011011000010000011110011010001010001000001110000011101
0100000000011111000001101011010011100000100011010000010101101001
1100000000100001001010101000001011100100000001100110010001010010
0100000000100100000101010010010011011001111110110001100000101111
1100000000011001111011000111110001100000011101110100011101101101
0011111111110111011100011101111100010110101001011110100100011001
1100000000011000000101010011000011000101010100010000101001101101
0100000000100000011111011001001011011100101101011110000011000101
1100000000100010101001101011011101110100001110010111011100011100
0100000000011100101110101011100100011101100111110111001001010011
1100000000010001001000111000001110100111010010111101101011100111
0100000000010111100001100100100001111011111101101110100100011111
1100000000100100101010010101000010010001000011001010000101100000
0100000000011101111101001110010111100000011110100001110001000010
1100000000001011111110110111001010010110110100001011010011101001
0100000000011100101011111000001001011100100000010100010010001010
1100000000100010110110100011001011111001001010101000111001110001
0100000000011011111011100010101011100011110011001010011001110100
1100000000001001000010011000101111001100101111101011110111110100
0100000000010101010001011110100001000011011101000110010011000010
1100000000100101110100011110100001101101110110111101110110100111
0100000000100010001100111111101110010111101101001110011101110110
1100000000010101000101011010000110001001011111001110001110110011
0100000000010110000110010101001101100110010101000000010100110111
1100000000100101010000111100101001001000011011001001000001001100
0100000000011010001111101110001000110011010011000000000101000111
1100000000001010110101111010100101101001000111100001000001001101
0100000000011001000110011001010000010100001101000111010000101001
1100000000100101010001101100100100110001110000100000110101000010
0100000000011101010010101001110111101000101010000100011101110010
1100000000001101111000011011010110010110001111011000110010010100
0100000000011000110010000010111000011101111100110111101100111001
1100000000100111111100010010010101110111110010111101111111010110
0100000000010101111100100010000101100101010101110101001111000001
1100000000000110011110001001111001101010001010000000100001101010
0100000000010010111110100001001011010100111011110101101110110110
1100000000100001011110010000101010101001101011111000101010100101
0100000000100010011000111111010100110101100111100110101010010110
1100000000011111000001011000011111000100010011101111110111101010
0100000000000110010110001111100100011010010111010000001000111000
1100000000010001101011111000111111111001101000111101011001110000
0100000000100001001001001011000100101000110011111110100001100011
1100000000010111101001101101000001110011001110110001011011100101
0100000000001111001010100111100110101000011011100101100101010100
1100000000100000000010000011111100101011010001100101111111100011
0100000000100100100100111111001001111110000110010010111111101010
1100000000011100001000100110000000001110000010001011100111101010
0011111111110111001111011011110101111000001000001100100001110010
1100000000011001000111001000111010000110010101100011001000011011
0100000000100001101001101111000100010010011011111010011101011000
1100000000100111011010011010101000001110111001000100110110000011
0100000000100001110110101101101001010011011000110101111010101100
1100000000001001101101110001101000100000110111101101011010101110
0100000000010010010101011010111001101001111100100111010010001101
1100000000100000110000011001000010011001000111011010100011011000
0100000000011111010000111101011000010101001110100010101101111110
1100000000011010011101000110001101110010110011000000100110000111
0100000000100010101010000111100000010001110101100111110101111110
1100000000101000001011111101111001100011000111010101001001111100
0100000000011000100010111010011110110011100100001101110110101001
1100000000001100011000110101110011000010101011001000000001110111
0100000000001101100000010111111110111110001110011101101010110011
1100000000011010101101011000111110011101100001011011100100110001
0100000000100010110011011100000101010101100101101000101001010100
1100000000011101001011100100100111100001100101100011011000001101
0100000000001101011011000010001101100011011010010001110111011101
1100000000011001011100001111001001100010001110111101110100110101
0100000000100110101100100100111010100010101110011011001000001010
1100000000011000010111000001000010101100001101010101000000001100
0100000000000111100000001101111000111010100100010111110010000100
1100000000100000101011111101100111101011000110101000001000101110
0100000000100010100100101011001000100001101010100000010101110100
1100000000011010011101001000011101000011000000000001010000011101
0011111111111101011001011111001111110010110010011011010011101001
1100000000011001110110111110111110001110000100010110101111010111
0100000000100001011000001100101101001111111101101100101000000110
1100000000100010100111010111010101110000010000011010000110001011
0100000000010111100100000000001010101001100101011100100110101011
1100000000011101011101100100011100000100010000100010011011100000
0100000000100100001000000101000110101100001011001010110111000001
1100000000010011100101100100010000000000000000001001010100001000
0011111111110100011010011000001111010100110111011111110011101100
1100000000000111100111110000101100101101001100100011011001000010
0100000000010011011101100000101010001010000111001011100001111011
1100000000100101010110000001011011100110001000000010001100010010
0100000000011110101100001110011000101011100000001010000001110101
1100000000001010110011001110010101000010110011110001000111110100
0100000000011000010001001000001000011011011001011100110110000000
1100000000100111100100101000101001111001000010100101100011101000
0100000000011011001000110101000111010011010010001110101101000111
1100000000001111110010101101101010110000000000010001100111010010
0100000000011001010000101010011000100110100000101011111111111111
1100000000100001001111110111000011000100101110011110001101011100
0100000000100110010101011000011001011111010111001100000100010101
1100000000010011110010010101101110001100111010000111001011111111
0100000000010101011101000011011100011010111010010100011010101011
1100000000011101011010001100010100011011010010100000110011111000
0100000000010101001100111110010101100111110110011101010000110110
1100000000011000110001110111111001000100001000001100111101010110
0100000000100100111001011110110111110010100111001001000100000101
1100000000100000001100001000100101100011110100001011001110111111
0100000000000111001111010001110100000111111101101100001110110111
1100000000011000000100111100100011101000011100001001101000111110
0100000000100010111100010101010001110110110100001010110000001001
1100000000011100010110101100000100100101101010111011001011011111
0100000000100000101101000111001101111100000110011111000001100011
1100000000100010010111100111000001110000110010000111100001011011
0100000000100001000101011100100001101111000011001001110101011100
1100000000100000111010100011011101011010000101110011010011001000
0100000000010011010001100000111100111000011110111001111111101000
1100000000100010001011100101101111000011000110111110111001101000
0100000000100100110011101111110100000100011110101101011100101100
1100000000010101101010101100101100100011011100101101101111001110
0011111111110011010111010001001110111110010010110111000010000111
1100000000000010101100001010100011001010111110011100001101110110
0100000000001001001010000001111011010101000101100101011000011110
1100000000100001011110111000110111000011111110001000000110001010
0100000000100000100000111000101010111001011011011101110101010111
1100000000100100011000010111110000011010111110010101111110011101
0100000000100010111100010110100110000100101100110111100111110001
1100000000010010111011010011100001101001011100100100110000111101
0100000000010011000000110010110011000001010011011010110001111000
1100000000011100101110111000000001100110111000101100001110111000
0100000000100100011111110111100110001011100110110110111101110000
1100000000011010110111000001100100010011111101000111110101011011
0100000000010110011001100111001100000101101011010000100101111100
1100000000100010001010011000101100000110100010110000000111000101
0100000000100100100101000110111101010000000110101000011101101110
1100000000000001111000011111000100010010000101001101111101000000
0100000000010011011110011110111011111010110000111011001111000010
1100000000011001010011101010001010011101100110001001000101111001
0100000000010101001111100110011100011010000010011110110010110100
1100000000011011101110111111011100001001111011001010001110111011
0100000000100011000110000001110010001110111000111010101000010000
1100000000011000011111011010100101101001001111100111001000111101
0100000000001011010110010000000010001110100010000110100010101010
1100000000010000001010110010100000001100111000000111010000100101
0100000000011111000110111001011011010000101100001101101011100101
1100000000100011011101111011110000111111111110100010111100101110
0100000000011101100010011010001101111001110110101000110110001111
1100000000010101100010010011111001101110010101011100110111100001
0100000000100110111010001000010110001000010010011010101000011110
1100000000100001111001000001000100011011010110011110100001111001
0011111111110010000100110100010001101100001011111011101000011011
1100000000010001111001011001000011101101111101101101001000000101
0100000000010101100110100000011101011100101011011110001000100100
1100000000010001001001001010001111010101100001011110011111100101
0100000000100000000010111101101111001110010101000001001011101001
1100000000100110001100000011011010010100100101001101101001011111
0100000000011000110010010110001011010101100101111010000111100011
1100000000010011110110010001100000110001111001010111011010101010
0100000000100010010101111100100001101101101010100001111000100000
1100000000100100001000000110010111111010101100000011000000111001
0100000000100010000001001100111111110001110010111000011010011000
1100000000010010010001001110101001001100111101011010101111011110
0100000000100010011111110110100000110000000000011111101101000110
1100000000100111010000001111010111010010101001001110101011001001
0100000000001111110101110110110010001001011111010010110101001010
1011111111110010010111111011010000011101101101001111100010101101
0100000000001111101110111011011001000110111010101000000000000000
1100000000010100100001001101010001001011110001101011100100011000
0100000000011000101001000100100000101111000011010010100011100111
1100000000011010100100111011010000001001010011111010001101100011
0100000000100101010101011100100011110110010011001101001011011111
1100000000011101110110110000000100100000100010011011011111011101
0100000000011000111011011100111011001011001111011101111001001000
1100000000011001000000010010010000110110110001011101111000010000
0100000000101000101101111110011100101100101110010100111101100101
1100000000100000000101100011011001111111101000010001101100100011
0011111111100100000001011101101100101100001101100110101111100000
1100000000010011100011110100101111100011110001001000101100011011
0100000000011101010010110000101101100111010001001011101100010110
1100000000011110111001001000010011100010101001110011010011101100
0100000000100110000010010010110000000100111110000000010101100000
1100000000011000111111001001001100001011111110001101010100000010
0100000000001111010001111101111010111001011100001001001011010100
1100000000011011101100000101011100110001100110110100011110100000
0100000000011001110011000101101100111001111010111000010110100111
1100000000100011101001001110011101000010100011001111100001001010
0100000000100011100000001101110100010000010100011100000101111101
1100000000000111100111110000000100111110011101101111101010101000
0100000000010010001011000110111100111001000101111010001011011101
1100000000100000110001110001110011001011100100010101111000100010
0100000000011010111010000000011001001111010000110100001011010011
1100000000010011110100100111010110100011011010001100011010111111
0100000000100100101011110010111010110010010101100110010111101010
1100000000100001000010110100000000011111010001101111110001100100
0100000000010011100011101111100011001100100010100010000101011101
1100000000011001100001100100000100001000000000110010010101010110
0100000000100101000011000010001101111110100010101110101000110001
1100000000011100001010001001100010111101111010100010100001001111
0100000000010011101110111010110110000111011111101110111110011011
1100000000011110000011110001010100101111000011000100010010001101
0100000000100110011101010100100010011010001011011010001111111100
1100000000011000000010110100110101110110011100011000111001010011
0011111111110000110011111000100000110111101001001011001000101110
1100000000010000101110001110011010000110110000101111011011001011
0100000000011111111011000000101100101100111011010011101101010111
1100000000100000101011100111110110000111100111110001010011110010
0100000000100001111101010111100000111011010111000110110101001111
1100000000001111000101110110110111100110010010100001001011011000
0100000000010011011111011111010011000111101000110001101010111101
1100000000100010110001000111100101000010100110111010001011011011
0100000000011011100001001101100111110000101000001000001001001101
1100000000001110110011100100111111100010000111011100011011001001
0100000000100001100101010001100010100101000011101010111100101111
1100000000100100111011110110101000111000010010010001000111000011
0100000000011011011001001000111101000001111000111011000010101000
11000000000000000