0011111111101101101101111111000010010010111111000110101001111111
0011111111111010001010110100111000001010000010011001000111011000
0100000000000101001100111100001101100010011011011100100010110110
0100000000000011110010100111000011010011101010000110000111111011
1011111111100100001000100001001001011110100101100010001111110010
0011111111110100011111101010011011101011011010011010100100101101
1011111111111100000100001111100011110101110001001110000100010110
0100000000001000011111111001111011100110110110010010011000100000
1100000000001011100111110100001000011101110111100011111110001000
0100000000011001010010101101000111110100100111110000110110000010
1100000000010111101010111100100010010100011001011101110000101011
0100000000011101001010010110110000100000110000101101000010001111
1100000000100000100010111101001000100101101010000111110101010010
0100000000010011111110110011000010101010101110011111101011001100
1100000000001111101001100000101011010110010110010100111110111111
0100000000011100111100000001000010001100010111110110010010111001
1100000000100000101110100110001001000001100001001101001111011000
0100000000010100000101101101110111011110100010110100010010111001
1100000000001110011101000100110001001000100111110101110100100110
0100000000011100000100001111101010011111001111111000011011011101
1100000000100000011011101101111000101000100110110001100001010100
0100000000010101011100101011010111010100000011100000110100111001
1100000000010000101110000010000011011011001000110010011101110101
0100000000011100110101100110001001111110110100110010001101100110
1100000000100001000001101001010001100111001010101100110010111110
0100000000010011110011110011000010010101101110100010111100111000
1100000000001101010001011000101000011100110100101111111011011100
0100000000011010110111101100100001010111100000101100111011110010
1100000000011111010100010111110100100001000011101110011011101001
0100000000011010001111011111001011000000011011001111010010011111
1100000000010011010110011001100111100111110111101100110110001001
0100000000011011011000001100000000000010011011100010001011001000
1100000000100011000110111010100001110001001100001111000010111101
0100000000010001100000101011000000111011100000000111111101110011
1011111111111000010010100000111111011000111001100111001010011001
0100000000001001000011010100100101101000100101111111100101011001
1100000000010010010100001000110111011100001100011011101000000010
0100000000011111010000110101100001111000101100010010100001110110
1100000000011010111101101111100101000011001010011100010110001010
0100000000010001101111011010111111110001100000111101001111111011
1100000000011001110100101010110111100111000011001001100101100100
0100000000100011100001100100110110111110110111011100010100111011
1100000000010001001011110110011010001100111101110010101000100001
0011111111110100101010100100000111001111011000100010111100001101
1100000000000100011100001001010000111110011000110110000011111010
0100000000001101001110000010111000111011010011111011011001000010
1100000000011010000110111111010101101110110000010100001101001101
0100000000011001111100100010000110001010111101000111011100011111
1100000000011011111100111100000110100100010000000100001110100111
0100000000011110001110010110011101100001011001101100010100101000
1100000000011010000010000000100001100011100111111110000000110101
0100000000010110010011101111100010000010000001100101011000010011
1100000000011110001101100000111000001110010000101111110010111100
0100000000100010000010110101010000111001100111101110111100110011
1100000000001101010111101100010010010100010000000011011001011010
0100000000000101001000000100100111101001011010000101011010011111
1100000000010011010111101101011110110101110101010010001101001011
0100000000010011100100100101010000010001001000110100110111110001
1100000000100000100010010000110100000000111001010101001010000010
0100000000100000001111010010100101111101110001101001000111100101
1100000000000011000111010110100111110100110111011110101110101100
0100000000001011001100101010010110001101010101000111001101100111
1100000000010111110101000100011110101111001011100110111111101110
0100000000001010111110001110110000110111011001010001110110011111
1100000000010111001010101101100001110010011011000110001110010011
0100000000100010011101101111100000000101100010001101110010101100
1100000000010111111001100110100101100110001001010110101100100100
0011111111111001111111011011010111011101111101111111001001001000
1100000000001010011000100001001000111010111011100101100100001100
0100000000010111010100110000011110010011010000011111101000101011
1100000000011110001000110010110000101100110011011111101010111101
0100000000011111110010100100001100000000010001100101010001110011
1100000000010011100011101011010000100110101010000011100000111101
0100000000010011001010100111000010100010111010011011110010110010
1100000000100000011110011011110011001101000101011000101001101001
0100000000011100111010111101110101011101010100101011101101011010
1100000000001000110000000101011100111110011010111001101101100000
0100000000010010011100110101101000001101001010000111101000101011
1100000000100000100100100011010100000000101101000011100010010111
0100000000010100100110100100010110111110111101011111000000101111
1100000000001101111101111010001011010101000000011111000100001010
0100000000011011100110100001101101011001010010100101001110110010
1100000000100000101101011100001110101110001000000111010101000011
0100000000010101100100001100101110100101101011011010001101000011
1100000000001101001111100001011111011011111001000110000101001000
0100000000011001111101011000001001111001101111001010100101111001
1100000000100001000001110010001101101011001111010001001101101010
0100000000011000101100101101111011001000000001000001111011011101
1100000000001010110001010000010111001010010011011111000001001111
0100000000010111100110110011000011110000101011000101010000001110
1100000000100010110011101000101111111101001110110111111000100110
0100000000010110101111110001001110000111110110010001111010100101
1011111111110010110110100111111110100111001010000001110101100100
0100000000000100110011001101111100111111111111100001001101111101
1100000000010001101000111001101000001100011010100110000111111100
0100000000011010111011110110100010000000100110000010110010101110
1100000000100010001100011110110010000000000001011001100000111110
0100000000010101000011101101100001101100001011010110010011001001
1100000000000001001001100110011011110011101011101111110110110000
0100000000010000101011111001001101000010010101101111011000101110
1100000000011001100101100111001100001100000001101011001100110101
0100000000100001001101001000111001011011001110010011001010001010
1100000000011000111110100111010000100000000011011100000000000011
0100000000000110111011000101000010001000001000100001101000001100
1100000000010100111100100100001000011011110100100010101110010111
0100000000100001011011101011110011100010000010100110101111111101
1100000000011000011100100010110101011000001100001101000111110001
0100000000000011101100101000010011101110100101111001000110111100
1100000000010010001011100000001001011000000111101001110010101111
0100000000011110010101010111001100110111111110011101010001100000
1100000000011100011100010101000000010000101000011001010010000101
0100000000010011000101111111011011100000110111101110010110101100
1100000000011000100000001001110001010001000111011010011110101100
0100000000100011000101001100010110111000010010100000011011100111
1100000000010101000111001101111111110011010000001000000101001001
0011111111110101001001000110100000101110011011010110011000011100
1100000000000110010011110001111110100001111101100111110000011010
0100000000010010001010100100111010010011100000111110101110001010
1100000000011100111000001010011111011100110001010100010101010101
0100000000100000001110011000111110111001100011010011101111011011
1100000000010100110001110111001101110101011000110000100010101010
0100000000010001111110010010001010010100011101011110101111100110
1100000000011110110101011000100011000001011100010010010101010100
0100000000100000000101010010100001011101111101111011101000100101
1100000000001110110010001101111000110000000101010111100000110100
0100000000010000011010000100110100010110001011100110000111110001
1100000000011101101000100010010111011001000100111111010110001000
0100000000010110111100101100011010010100111101011101101110110010
1100000000010101011111111010101010010100101010010100111111101101
0100000000100000000001010100111011010111011000100110011111001011
1100000000100000011111010101001001010101110001011000010010110000
0100000000000111001100000010100111000101100010001000100001111110
1100000000001100100111001010000011011100001010011001001101100110
0100000000011001100110000111110110101001110110000000001011010110
1100000000001111001010010110000010001001100001001011000010101011
0100000000011000010100010000110111100010111110100000101111011001
1100000000100011010000100110010001110011011101011101100111011110
0100000000010010111010010100001010010100110110001100111111111010
1011111111110001010101101101001100010010010011010100000010111011
0100000000000010011010100010101011101111110000011010001010000111
1100000000001110001011110010111110111111011111011110011011100110
0100000000011010101011011100110000110100100110010011111111110001
1100000000011101011000101101000010011101001001101111101000100110
0100000000011010100001100111100001000000011010011000011100001101
1100000000010111111100010101100000111000011111000010010011110111
0100000000011101101001010101011111010101100100011010011011100111
1100000000100000110001010001000011110010001110111100110010000111
0100000000010011010001000000000000110001110011101100010110100001
1100000000001111100111110001010111100011010100010010101100101110
0100000000011100101000110011100101111111001111000111001100000001
1100000000011110110010111011100100000101101001111101011101010111
0100000000010110110100110011000100100111011000001101001100000110
1100000000010100011011101000000100001110000110111101100010010111
0100000000011111100011011011111000000110001001101001010011100011
1100000000100001001000010011100011001111010111001010111110100110
0100000000000111011000110010010110011110001100110101111000111111
1100000000001001100010100101111000001100011011000011011011111001
0100000000010110111110010110001101011100001111001000110101010110
1100000000001101111101000111010010010101110000101110010111101110
0100000000011001110100100110001010001010100010001011011101011001
1100000000100011001100001101101000100001010110010001110111000101
0100000000010011010101011111110111110110010000110001110100011101
1011111111110010000111010010100101111111010111001011100011000110
0100000000000011001111001101000000011000001001011100011011011001
1100000000001111010100111100001010011110010010110111111001010000
0100000000011010110000010010111100101000111111010111100010000001
1100000000011110101101011010100010000010111011000100101100111100
0100000000011011001100001101100100001010011110001100000100100101
1100000000010100111100000010001011100100011000000100101110101111
0100000000011011000001111011010101001011011110010001110010100110
1100000000100010010101000001011011011111110101111100110101110110
0100000000010100001010110010001100011101111010111010111101000010
1100000000000001101011101110110110010111010000000010111100011110
0100000000010001110001010100001000000000111000011101011000000001
1100000000011001111110001101010110000111100011111001001000010000
0100000000100001111101111010011011010111000110100110100000111110
1100000000010111110101100100000100110100011110101100111101010010
0100000000000000000111111010000010010111101000101100001101111001
1100000000001111101000010110011001100101011001100000001000101100
0100000000011011001101011000101000010000100101111110101100101101
1100000000011111100011101000101110100110100100001011101000111000
0100000000011010001010110110111111111100001110010011010001110001
1100000000010011011001001110000001001101101001000001110000011110
0100000000011100000001001110110001011010010001110111011111100101
1100000000100011001111001001101001011111111001101000011111001101
0100000000001111011010011000001100010111010010101101001100011000
1011111111111010011000001001111110100011001010000011000111101011
0100000000001000110000100100100011001001000011011001101011000110
1100000000001111101100000010110100100011010001001111010010010110
0100000000011101000010000111000100110011000110001000001001000101
1100000000011001100101010111011001011110100010001110110010011111
0100000000010111101101010100000000111100101100110001110011000011
1100000000011110100010111010000001010111101101001110100110011000
0100000000100000100101000000111001011010011111110001001100010101
1100000000010000111001111101110000101101101110101101010111010100
0100000000010000000100010011010000101100100110101011011001011101
1100000000011101000111011100011011000100001100111010101010100000
0100000000011000100111101111001001000100111111110101110001010100
1100000000010111100110010100101101011011111100001000011110100011
0100000000100000010110100010011011010111100101000010001011100010
1100000000100000011111101101100011101000101100111110111010110011
0100000000000101111100001000110110101000110011100001111011011101
1100000000001100001011011100101000100001101100010001110000110010
0100000000011001011110111000101111001010010000100111000011110000
1100000000001110011111000101010100010000110001001110100101101111
0100000000010111111010110111010011111100101101001111000101111011
1100000000100010101111100001011110110111111100001011001110100011
0100000000010100110000110110010110111011000001001111111000100100
1011111111111000011101101011110010110100010010001011111101101100
0100000000001010011111011100110010000110101100011001110101010011
1100000000010101110110000111001011000111000010001010111000111011
0100000000100000100110111001111110010111110010100000011101001100
1100000000011101111011101001010110001010100010111111111110010000
0100000000000101101110100001101010101110010011111011111010100110
1100000000010000001010011011110110111001011000001101110101100010
0100000000011100110000100100111011001101000110011011101111010000
1100000000010010111000011111110001111101111000010010111011100011
0100000000010110110111101000010101000101110010101110001011000001
1100000000100010011001011110010000111111101111100100011111000100
0100000000010111000110001101110101101010101100000000000100010010
1011111111111011101100110000111000000101101011010000010010110001
0100000000001101100001011011100011010011010001100111001000001011
1100000000011001000101111110101010001111110001010110011111111001
0100000000011111111010000110110010111100001011111101101100011011
1100000000011100111000110001111010000110101100011000110100001001
0100000000010000111101011010111100100011010111001101001100001000
1100000000010110001011000110110000101010100110101001100100110001
0100000000100010100110111111011010001010010001010111010111100101
1100000000010111010001011001011111000011011011111000010101011100
0011111111110111100101010000001000111011110110011011111100110010
1100000000001010001110101010100010010001111101011111110001011011
0100000000010110110011011011111001101001111100010010011011110011
1100000000011110001001001111110010001100110011111111011100110001
0100000000100000000000000101110000000110100010100000110101000000
1100000000010010111111110001101001001110100101110010110001011100
0100000000010010101110101110101000110101101000011011001111100101
1100000000100000101100000010010011000111010110101111011001001010
0100000000011101000000000011010101100101011111010110010011010101
1100000000001000010110011001000101100100100100011110010110000000
0100000000010010101100100010011010101011100000100100010101011100
1100000000100000100010100111110011111101001100101100101000100101
0100000000010011110010001100001001000111111111010100011101010101
1100000000001110010101101101010110111101101101000000001011010100
0100000000011011110111110111001101011100111101000110000111100000
1100000000011111110111111011011001010000110100010110001100110000
0100000000010110101011110101111100000011110001010000010111111010
1100000000010010011100100111000001111001101001001010110111101111
0100000000011110110000101111110111110100011101110011001101000000
1100000000100010010011111011011100000001000000100001101001100100
0100000000000110111110110101011011101110011111101111110001000010
1100000000000010011101000111100001100110000011010011011100000011
0100000000001111001110001101001111011111010110001110000111110011
1100000000001001000001010011010001010100101011100111110001111011
0100000000010110111101110010100011001011011010011001111111001101
1100000000011001110000010111110001000010111101111100001011010100
0100000000100000100100010111010011001011101001101100101110011111
1100000000011100001111110011101001010011010111110000011101010100
0100000000001011000001111101111000000011111101000010000100101111
1100000000010100011011100010001110101101110101000111001110000001
0100000000100001101000000101000001001111000011010011000101010000
1100000000010100101100010110110101000011011111000101111000000111
0100000000000110100000101001001100110100000001111100110101110010
1100000000010101101011001000010110101000110101000011110001100100
0100000000011110010001011000101100001000110011000001010111100001
1100000000100000001100100111001010100111000101000001110001101001
0100000000010010001001011111100111010100101001000100001010111101
1100000000010010000111010000110111100111111001000010111100001110
0100000000011111111111111100101101111001101111100100100111010000
1100000000011010010110111010110101011011001001101100001000010101
0100000000010000101110000011011011011110101101100001101010000001
1100000000011001000100000110001011110010000011001101011100110111
0100000000100011001111111111101000110110010100010100000101011101
1100000000010011011000000010101011010100010110101100000000101010
0011111111110011111111110000001010011010110100011010010110110101
1100000000000101101011110110001000001110101010000111011011000011
0100000000010000100101101101110100110000000101100011001100100111
1100000000011011111100111010001001011100101001001010111101101100
0100000000011111010000100001001110100010101010000111001101000100
1100000000010111111001011000110010001100010011100010000111101100
0100000000010011100101100010110010101011010010001011110001100000
1100000000011101111000000001101011001100011111010000010000101011
0100000000100010000010111000100100011100100010011011101110100000
1100000000001100101110011000100101100001100101101111001010011111
0100000000000100101110010011110110001010010100001101100000110010
1100000000010011011100010111110011100111000100101101010001110100
0100000000010010111101000001011111110011110010110101101111000111
1100000000100000001000100111101011101011110110110110111011110001
0100000000100000110011010010010110110110110100101010011010100000
1100000000000110011110101001101111000101111010100000010000000010
0100000000001001011011011100000110100111011111000010001101111000
1100000000010110001000010001000010001010001011110000100111001110
0100000000001111110000101001001001011010111100001001100100100110
1100000000011010101111010111011101100110101001110011110000111101
0100000000100010000001111001001000111011001010011010011110001000
1100000000010101010000100111101000101100111000011011010011010000
0100000000000011000001010001011001000111011110011111101011010010
1100000000010010100000000110101110110110111000100000101001011111
0100000000011100011001011101011010010010101100110100000100010010
1100000000100001001101110100000000101111000101010100110101101110
0100000000010100000111101011001000010100110011101010001011000010
1100000000001010000001111111110110000010010101011000000100110111
0100000000011000001101101110110100110001001100111111100011101101
1100000000011111011100000000010011010111010101000011000110000000
0100000000011101110101101110111000010011110000110111101111010101
1100000000010000101101110001000000110110000100000000111011101001
0100000000010101010000010100010101100001001010110110011011010110
1100000000100010100100010111000100010001011100011101110000011001
0100000000010101000100101000011111100101100110110010101100100101
1011111111111001100010101010111101001100011001000110010100001010
0100000000001010111001000111000100111111101001101011000000100011
1100000000010101101111010100100010101101111001010011000101100001
0100000000100000001100010110100001111000011000100010100001110100
1100000000011110100001110101000001100110111001011000000101111001
0100000000001001100110101101110110101010111100000011010110100001
1100000000010001111000101101010100000000100111100101010101000001
0100000000100000010110100010011011101000100110101011111110010111
1100000000010010010110110011110101110011010001100111110000010000
0100000000010000010000110010111001000010100111100111100100010110
1100000000011101010101101100111101111010000010110111001101000010
0100000000011100100100101000101001110111001111010010001111000010
1100000000010110010101100101110001111100110011100011011111010101
0100000000011001100100111101100100000100000011100110101101011000
1100000000100010000111101111101110000101010110100101101010011010
0100000000011001111010100101001000010000110010011000110001000011
1011111111111010001100110100010011110001111110011011000011110100
0100000000001010110011000110111001010000001111001100000100100010
1100000000010111110000001111010100101100110100011111100000011010
0100000000011010000110100101111001000000010001100000010000111000
1100000000100000011110011011011111001011110000100100111011001110
0100000000011011111110000101011010101100100101001101101000000011
1100000000001100011010110000011001101100101011010010001111101000
0100000000010101100000111100001010100100001101111101110000110111
1100000000100010101001101110100100100000011101011111001101001000
0100000000010011101111001100101011111011001011111000010101110011
1011111111111000111100011100010100101001110011000110101011101110
0100000000001010111010101011101001000100110110011001111110111000
1100000000010101011010101110101000001110001100001101111000001100
0100000000100000111100000001011110100111111110100100010100111101
1100000000011110000001100011100010011101101101001010110000101111
0100000000000011111111110100110000010001101001010001011001111011
1100000000001111100100011110110101011110000001110000110110010111
0100000000011100110010001010101010111110101110000111000110111010
1100000000010010000100000000010111111000001000110101111111001100
0100000000010110101000010100101011010100011111000000010010010111
1100000000100010111110000001100111100011101011001000100111111010
0100000000010110001111010010011101010101110101001001110100000000
1011111111110010000011000100100100000011111010010100100110111000
0100000000000100000110000001110000011000110110010011111000011000
1100000000010001001011011110001010111011000101111010011001110000
0100000000011011011110001010100000111001101011000011010011001101
1100000000100001100101011100011100000000000101100011111001010110
0100000000010100011100000011110100101110111000011100100000011110
1100000000000111110110010100010000100001010111010000101001010000
0100000000010110010011000110000101010010011110011011000011010111
1100000000011101110011001111001011010010011110110111110110011001
0100000000100000000010100010100101101101111111101100111111111011
1100000000010011011111110101101000110100000010101100011111000101
0100000000010010111000011010110110001000110101111100110101001111
1100000000100000010110011010111011100000100100010111001000100010
0100000000011101001111011000001100011000011011101010000100011100
1100000000001010100011110011110100011000011011001011100111101001
0100000000010010101100100011010101011111111000010111000011010010
1100000000100000010111110111111111000111000010100110100011101110
0100000000010101000100000011010100000010010011001111011111011111
1100000000010000010101100111101111101011001001011100000100011101
0100000000011100111001001100001000001011111000000010110110110110
1100000000100000100100011000000111011110010101101010110001000111
0100000000010011011110100110100011000101111000100010001100011111
1100000000001111010111110000010110111010010011001101100010111110
0100000000011100100111101100001111010011010001001111000010011000
1100000000100000001100100000110001000000100110111100010100010110
0100000000010101011100101001000000100001011111111101001001110110
1100000000010001010101111011101110101110100001100011000110011100
0100000000011101011101000100001111001100101010001101111011011000
1100000000100000111110001010111000111110001101111001101111101000
0100000000010010011110110010101100001100101110110000111101100100
1100000000001110000000001000000000011111110000001110011101001000
0100000000011011010101011011111100000011101110011101010011010110
1100000000011100010101111010000110001111100101000001011111110001
0100000000011001111111100110111111000010000011000110010000001111
1100000000011001101011111011111000001110010001111101100100110100
0100000000011110100110111010111000100010000100100110110000101100
1100000000011111001111011001100110000000101011000000101011000100
0100000000010011010010100100011100010000110110010011001101100000
1100000000010100001110111011110010101111010001100010011110010010
0100000000100001011001000001111101110001100010001011001111010101
1100000000011100000111011000111110000001110111001101110111100111
0100000000000001110011010101000101111111001110110101001100001101
1100000000001110011011111100110010111010101000000111111110101111
0100000000011011010111100110001010101010000110011000000110001011
1100000000010110111111010000010000111010011100001000111010010010
0100000000011010110111110110100100001110110000100011000111001101
1100000000100001110001001010110110011010000010101001000111110101
0100000000010111000101101010000010001110001011000100101001111111
1100000000000100100110011100011000100111110111110010100011000010
0100000000010011110000001110010001101110010100110111101011000001
1100000000011111110001110000000100011100100010001000001001001100
0100000000011111011111001101100000111011110100011100101100100011
1100000000001011111101111110010001011011101110101010000001111001
0100000000010000111110011111000000000101010001101001101011111011
1100000000011110110001001011001100110110001111010101001010101110
0100000000010101000000111000010010010111110011011000011001001001
1100000000010011110001111111100011010110111000000101010011110100
0100000000100000010101110000011011000110110100101010011101010001
1100000000100000100010011100010101010011001110110111011101110001
0100000000000101010101110001010111111111010111011010110000000011
1100000000001011101011100000011111010100110010001100110011101010
0100000000011000110111110111111101010111110011010110101010100000
1100000000001101011011110110111010100000110001101000111110101110
0100000000010111011101011001000000101000110110000101110001001011
1100000000100010101111100010111101100101001010111101111010111000
0100000000010111011010000001100100010100011001111100011001010000
1011111111110001111010110101011011011110001100010011100110011110
0100000000000101000011010010010100000100101001110011001010100110
1100000000010010001101111011100101101111111000111101100010011100
0100000000011010000001010111010001111101011001010010110100010101
1100000000100001110010011101011110100011010001110110100001100001
0100000000010111010110101001000010000001000000010100111111110001
1100000000000100011100001011011010011011101100001100111001010011
0100000000010011010110110010100101101001101010010111011111001100
1100000000011111011010111101011110111101001000100010100001101011
0100000000011111110010001001001100100110101001000101000111010110
1100000000001111011001110110010000110111010111110000100010100110
0100000000010001010000011011100000001111011100001010010111100001
1100000000011110110000111011010001000111011101101011101101011001
0100000000011000001011100010111100010001101101110110001011000101
1100000000010100001011110011011010111011101110100100110101000101
0100000000011110010011100110100011001111101000011100001100001010
1100000000100010000010000111110001010010111111000010101101010101
0100000000001010000001111010010111000101110001011100101101111000
1100000000000101101101000101001111100101110011101101101110011000
0100000000010011001110111000001011111010110100110011000011110111
1100000000001110111111111110110000111010010100000110111001110000
0100000000011100001001011011011010110010111101100110000110011010
1100000000100001000111000011111000111011010000100000111111111000
0100000000010100111101111100011001010111000110011010000010111011
1100000000001011100110010101010100010001011000110100101110011110
0100000000011001111001010001101110011110101111001111100001000110
1100000000100000111110000111011110010000011000100011100011010100
0100000000011010001100001100010100100010010010100000010101001100
1100000000001001001001011100111000100010001100011010011011011011
0100000000010100100111001001110010011100101001100011100011111001
1100000000100001010010110011001011100001111101000010001101001010
0100000000011000110011010100110011110110101010100101100100111011
1100000000000111011010111111010001001011001011010001011100111010
0100000000010101011011101111000111000110101011110011101010110100
1100000000100001110001010001001001111001001010111001000110000010
0100000000011001011001111111100010110100100110010111010001100011
1100000000000001001001011101011111100110011011110000111011101001
0100000000010000100010111101110111110010101000001000001000001111
1100000000011101010100010101001111110000001111000001011001101010
0100000000011011110011001110000111111101110110001111100011000111
1100000000010110011001111011011011011100110001111110101000111000
0100000000011011010101110001101000111100000111001100110010111111
1100000000100010010110100001010001011001110001100110111101111100
0100000000010100110001001000100110001011010010000110000010000110
1100000000000001000010111001111110110000111001101111011101101000
0100000000010000110101100010111001001100101010111101000110100000
1100000000011001001111101001100000001101010111101000000100101100
0100000000100001010001010100001011101110111101011001001111110111
1100000000011010000011111110010000110100000101010110000100100000
0100000000000101110111100101100110101000110100100100111010001010
1100000000010011010100000011111001011011110010101111010111101101
0100000000100000110011110100101001111001010110011111000110011011
1100000000011001000100110000100011110001011010111010010111000010
0100000000001011110110110011110111110011110100010110010110001010
1100000000011000000000110010010011010101111001111011110011001011
0100000000100010110000010111100011011000110011111000111111101000
1100000000010100100010000100101110011100110101001010010100001110
0011111111111001001110111110100101101001001110101100001101000101
1100000000001011100101011001110011010110111110101010011100110101
0100000000010110001011001100001001011001000001100110111100001101
1100000000100000111000101011011111110000110100101011011111001010
0100000000011110001011000000010111001010101110001101101100111100
1100000000000101100111001100101111111100111011111000011111001000
0100000000001111110011010000110010110101011110101111001000100100
1100000000011100111111000000010011010010100010010110101011110111
0100000000010011100011011111101100110010010010010011101111011001
1100000000010110011101110100110111110010010100101010000110101110
0100000000100001111111110001111100010111101111100011011101000011
1100000000011001001001100011010110111100100110111111100111011010
0011111111111101101101011010000001100111010111000011010101110010
1100000000001101000001011101111001111101101111000010100011111011
0100000000011001000010111000001101100011110000110001101100110010
1100000000011100100010010111001101000111110110001110011001011110
0100000000011111010110010000101111111100000100110111110101010001
1100000000011000101011100110101111001110000001001101111000101100
0100000000010011111101000100010010111010010111011111100011100101
1100000000011110001010000010001001010001110001100010000010110001
0100000000100010110000101100100101111011100001100100001011011011
1100000000000111101110010010000100000010100000100111011001011000
0100000000000001011111010110101011010110101001011001011000100110
1100000000001100110011100011011100110100001010100110011111111101
0100000000000111010100000010011111011101100011110010111001101111
1100000000010101111100011001101001101010001010000110100101011111
0100000000010111110000110000101010001000101101110000000111000101
1100000000100000100101010100101000011000111110111010000100100001
0100000000011110000011110111000101100110110001011011001100000011
1100000000000111011101111011010100011111110110101111000011110011
0100000000010000101001100101100011001100101111010110101110011001
1100000000011101100010111010100011111111010100010111111101110011
0100000000010100001100100011010000011110010011011001101101100010
1100000000010101110001010000101001101111100111101110010101011110
0100000000100001100011000001111100101011010101111011100111100001
1100000000011100101000101000011101110000011010101110101000000000
0011111111111111010100011001011111110111000000001001101110110000
1100000000001101011001011100011010000000000010101001011101100000
0100000000011010000001111011111101001000101010100110010111010001
1100000000010011101010110100101101001111110111111110101100011010
0100000000011010011011100000000000110111010011110010010100111000
1100000000100010101111010001000110110111011001101101100011011010
0100000000010011110101100101111111010110000000001011001101100010
1011111111111001100000000001110011001111001100001010001100000100
0100000000001011011111010111101010000001000100001101011011110101
1100000000010101100100101101010001011111101101101101001000110001
0100000000100000110000000101011101000000111100000111110111111100
1100000000011101101001110010000011010011100001011011111100100101
0100000000000101110000001000100111011011000010000000111100001011
1100000000010000001010100001010010111111111011110011100011011011
0100000000011100101011111100000101011110101111000111110000110100
1100000000010011111001110001111000110101001011110101111000000110
0100000000010111010010010101101011000111111010110001110011111011
1100000000100010011101110011000100100101111000111111001101110110
0100000000011000111101111101000011010100010101111001010001100111
1011111111110101010001101000110101011011100101101111110110010101
0100000000000111001100101000001001011111010100100101110101110001
1100000000010100111010101011101010011000100010100100011010001100
0100000000011011010011101100000010111101100110011000011010001110
1100000000100001101010011101110100101010000101100011110000100110
0100000000010101000111000110010100100110101101101010100000110011
1100000000000110110101111000100110000001100000111010001001111110
0100000000010101110011011011000000111111101000001110000100110100
1100000000011110110001001101100001011100011001101110000000001100
0100000000011111110011011100011000000000000111011110010100101010
1100000000010000011011110100011110010100101110000001110011011000
0100000000010001010111101001111011001001011010111101100111000110
1100000000011111110100000000001001100101011101000011001111110101
0100000000011001111101011100000000101010011000001101100001111110
1100000000010001110111010001100111111000001000011010010111010010
0100000000011011010010111011101011101101100101101010101010100110
1100000000100011101110111110000111001010001100000101111101111010
0100000000001111010110000001011000100010110110101001110111001110
1011111111110001011110001011110011111010000111001101111000101101
0100000000000000101110101111000011100010100111000001110011000111
1100000000000111011110101010010110111000100000100110110000111011
0100000000010100101010010101110010100011000001100000001010110110
1100000000010101111001101000011110011111111110100111001100011100
0100000000100001010000001010100000101011001100000000010011101010
1100000000011110111010100000010010010011110000110000101100111101
0011111111111100100000111011001110010110010001111000100011010011
1100000000001000011010001101101110100000001000010110001010101111
0100000000010101010100001110001101111110010001011010110100001000
1100000000010000000010011011010110101111111100101011010100110100
0100000000011011010010101000111000001000100110001000011101100101
1100000000100001011001101100101010010111011001111000110000110100
0100000000010100101111100100001101000000010110100101110010111111
1100000000000111100111100011000011000111000010101111000110000010
0100000000010110011011011101101010001010110011101100100000100011
1100000000011111001010100101001011000100100101101111000000111010
0100000000011111011100111110111000001101110101101111000100100110
1100000000010001001010011110011011101001011010001000100111110001
0100000000010010011111100100000111000010000110010111010101101110
1100000000100000001011000010101111111010010001001001010111110011
0100000000011010000011011001000001010000011111000110001101011010
1100000000001111101011000001000100100100111111100000010000011100
0100000000011000110010110011101101100111001100110101010011010011
1100000000100011100000111010101010000011000100100110101101101011
0100000000010010100100101100001010011010101111010000100110100000
1011111111110000110110110101110001111001001101100001100011000011
0100000000000010110011011001100101001111101001001101110100101011
1100000000001101111101101111001111100001110010000101000110110110
0100000000011010101000011111111110111000010011010000000001100010
1100000000011100100000101110000001110110101100011110011010011101
0100000000011010110011011101110110100101011100110111010111001111
1100000000011000110001000001111001000101011000011111011000100001
0100000000011101001001011011001011001111111001001001011010101000
1100000000100000010011111110101001100101101101110000011010011001
0100000000010100011011010100100101100010010100011101101001100000
1100000000010001100001010100011100010111001100100111110111110010
0100000000011110111100001101101101010100010000101001000111111100
1100000000100000001001000001110111110100010000100000110000100100
0100000000010000000101011100011001110101101110011010000111011001
1100000000010001100001000010100011100100011101000100000010000100
0100000000100000000111001100000110010010001100110011010010110110
1100000000010111001101110110100000001111101001111100010110101111
0100000000010000011100010110110011100111010110000001010111111000
1100000000011011100101000100110011100111100111110010011111010100
0100000000100010011011001001111010100110101110001100110111011011
1100000000010001101001011000101010111000110000110011011101100101
0100000000000001011100101100110010010111110001111101101100110111
1100000000010000110100001010111011001101110110110111010111000000
0100000000010101110110000001110001101001111110111110001110101001
1100000000100001011001011111011110111100011010100011001000101110
0100000000011100010001010111000000000001101000100100000000010110
1100000000000010100001000100000110011110100011000001110010000111
0100000000001111110111011001110010100110010000011111000010100110
1100000000011100001100111110100110100010100001100101101000110000
0100000000010101100011100100010111011110101111010111011110110110
1100000000010111110111110010011001001101100000000110010100011001
0100000000100001011110111001000100001101010101100100101101011011
1100000000011100010000100001010100111101000001101100110110010000
0100000000000001011110111000111101100011111101101011010010111011
1100000000001110001001010100010011010010001101001100100110101111
0100000000011010110111110100110111111100101000110011001001001010
1100000000010110100100111110001111000111001011110110000101001111
0100000000011011101110101001100000010001001000000011001100010001
1100000000100010010000000000110010111110100101010101100001111100
0100000000010100101100101101010101001101100000000110010101111001
1100000000000010000000001100001101010011001100000010001000100001
0100000000010001100010010101000110000100000010001110101101011110
1100000000011010101000100010101011001100100011011010110110100100
0100000000100010001000010101100000100100110101101111110110001110
1100000000010110111100101111001111001001001010101000101001001110
0100000000000000010011101110100000110000000101110011001110100110
1100000000010000000010000100111011100010101001111100101000100001
0100000000011011010001100101111101001010010110100000000001101101
1100000000100000010100110000011111010010011111001011000000000111
0100000000010111110110000000100111100000111011011001001101011111
1100000000010000111001111100101100100100010111100101101000110010
0100000000011011111111110000000001001101101001010100110100110100
1100000000100010111000010011111000110010011011111100110011100100
0100000000010000110111010110000000010000010111000100101000001010
1011111111111111101011011000100001101011110110001111101100101110
0100000000001111011110001000001010100111100011101100001100110101
1100000000010100010010010110111011000001101111010010101010010110
0100000000100000110110111010111011100000110000100011101001110000
1100000000011011011100011111111101001000111010000111101100011101
0100000000000111111111100100001010100100010011110111011011000111
1100000000010011100010100000011011000111000110001111111101111111
0100000000100001001100101001111001101000101111111001001101101101
1100000000010110011101110101000111011101111101100111110000111010
0100000000001010000001110001000110011100010001011101010110100011
1100000000011000010100010100000001000000100110111111101110010101
0100000000100001100001000000010100011000110000001010100101101011
1100000000011001110001000000110011000010111000000001101011010010
0100000000000010101011100100000000010101100110011011001110001011
1100000000010001000011011111100010010010111100101110000100010010
0100000000011101111010010111110110101101011011101100111010010111
1100000000011010100110101100110000101001110110000100001010111001
0100000000010101000011000001001011010011110100111110101101110110
1100000000011011011110010101000000011001000001001111011101101001
0100000000100010010100101001001100001001000010110010111001001011
1100000000010011111010111110100110101011011100000111010000011111
0100000000000000010001110100000001000101110110101001001101011000
1100000000010000000000110011101001011010111110111010011000111000
0100000000011000011110011000101000001011100000100100010000001001
1100000000100001111100101101101001110001100010110111100001001101
0100000000011001101011110110110001011001010010001011100001110011
1100000000000000010010001100001100100101011111100011001111000001
0100000000001111110101000011110100111100011100101100010011011011
1100000000011011110011111011000010000010011110011101100111111110
0100000000011011100000001000010011111110111111101110010100000110
1100000000011010001001001011111010001000010011110011101111001101
0100000000011011100111000101110011101100011101111001000001011110
1100000000011101101000010101110011011111001011011110101011001000
0100000000011010100010011110010010110110000000110110110110111001
1100000000010111001111111101101101011011111110100110001000000100
0100000000011100111010110011010101000100111100101111001110010110
1100000000100001011001110100010101001101011011101111100001111000
0100000000010011110111001100011010111000111110110010011000010110
1100000000001001100001001110101000010010011110101100000001100111
0100000000010111100100100101111100110011011110000110100001000010
1100000000011110101111010100110001001010000001010100000100100010
0100000000100000001101010010101111010110000110001110011101110011
1100000000010001010110001000100100010101111110000111100000011101
0100000000010001011011000110001001000010011101010100101111011111
1100000000011111101101101000101101010011010111000010100100001101
0100000000011010001110110000011000110100110000111000101111000000
1100000000010001110100111001100010100011111001000100000010001101
0100000000011010111100001110100010101110010001110001000001011010
1100000000100011110010000010101011011110111000101100010111001011
0100000000001111110100101001111011011100000110010101011100000110
1011111111110000100010101111110001001100011110011110110100000100
0100000000000000000011010111101100010100001100111000000101010000
1100000000000110011101101000100001110000010100101111101000101010
0100000000010011111110110000101101000000101000110111000110111100
1100000000010101110110111001111110011011000011101001000111010011
0100000000100001010000100001101011110000100011011000001110100101
1100000000011110011010101101101110001000010001110110001110000100
0011111111111110011000001101000010000101111011010011110101011111
1100000000001001101100000011011000000011010111010010100110011101
0100000000010111000010001010100011101100100111110100101110100100
1100000000010000111000000010100100000101011111011001001011010001
0100000000011011001101100100010100011100111011111000011110101010
1100000000100010110011010100111110110001000000010001001111100110
0100000000010010001110111101101111010010001101101011000100000111
1011111111111111010010010100101111111000111010010101001001100000
0100000000001110001010000010010011011010101010100011000111010011
1100000000010101001111010010011001000010101001001001010011011100
0100000000100001010000000110001110001101100101000010111011110100
1100000000011010000110100011111001001011010101111100001110111100
0100000000000100000110100100011100110001101111010111110000010100
1100000000010010010111111110001010101000011010101111000001100101
0100000000011111100010101100011011000110000111010001000101111100
1100000000010111101111010111000011111000011101110011100010100100
0100000000010001101011100000100001000010100100010010100001110000
1100000000011100000000100110000110001110010010011110001000110000
0100000000100010110011011000011000101111111101000110110101110010
1100000000010010011010101011010111000001100111111111100100111011
0011111111111100000000100011011100011011000110111000111110110101
1100000000001011111000011111101100101110101111011100100000110011
0100000000010100001011011000100111111100100000000111000111110001
1100000000100000011100100111101001100101110101101110011110011111
0100000000011100001111000011001111100001010001000111010101010010
1100000000001001100001101001111010100001111010001011101001110001
0100000000010011111001100010111010101100001100111001000110110100
1100000000100001101101001100100101100111100100100011010011010111
0100000000010100101000010111110010110111010111111100001111001100
1100000000000110101111000110101000010110001011010101111011100100
0100000000010101011000100010000111001011111001100101111011111110
1100000000011101110000101110110010011100110011001111101111001111
0100000000100000110001111010111000110110011100000101101001110111
1100000000010010001001100101010001111100011011000011001111001100
0100000000001110011000000001011001001010100110000001101000100010
1100000000011011100010001000110100111011011111111001111000100001
0100000000011100001101010100110111000011100010110010000111111101
1100000000011001011110011011000000101101010101011101100111110011
0100000000011001011101101110101110111000101011001100100000111011
1100000000011111000010100011011110111011000010101000001111101111
0100000000011110010100011101001010101000101100110010110001011100
1100000000010010001101110110000010011010010001111100010101010111
0100000000010101001100011001000011100000100000110100100010000100
1100000000100010000111101011100010100111010110000010011000100110
0100000000011001011010000101111001111101001100111111001011111111
1011111111111001011100010101101110001110100010100110110000000010
0100000000001001100011000111010001101001011101100101100011111000
1100000000010110001111000001010000011011111101001101111111101011
0100000000011001111001000011100011000000011100010101110110001110
1100000000100000100111010110110010100100010010001010010100110001
0100000000011011001010110000010100000010000001001001010110101111
1100000000001101010101011010001011101111111011001001001111101110
0100000000010111001100001011001001100011110010111111000000110011
1100000000100011001111111110110001111001011101000010111110010001
0100000000010011001111000011110010111000000000111101001001011011
1011111111110001110100000110101110001110011010110101011100011100
0100000000000010111001110000111000001000101000100001101110011011
1100000000001110111111111111110001111011001000001000100000000101
0100000000011010101111010011011110101011011100100101010100000100
1100000000011110011100000111100001100101110011010001110001011101
0100000000011011000000110011100110110011010010100000110101110111
1100000000010101100001110110101000001010000001111001001101110100
0100000000011011100100111100000010101111001110001101011000111010
1100000000100010100000111011000001110011000100101011101110111100
0100000000010100011011110111000011000111110010110010101100010111
1011111111111101100111110011001000001101001010000000100110111100
0100000000001110101101010001100010101010000101011001111111101010
1100000000011000010110010001011010110011010101010000100100100010
0100000000100001110110110100000011011011101101000111111010001110
1100000000011010010011101000101001011000011011110100011101100000
0011111111111111000101111001010111011011000010100010100111110011
1100000000001110001111010001110110001101111100010100010001011111
0100000000011010010011100110111000101001101101010000011011111001
1100000000011001001100100010010000000010011000101101111000011111
0100000000011100110110000110111100000110101100010100100101001011
1100000000100000001010011010010101100010111100010000100010001001
0100000000010101111110101001001011011010010111111110101010111000
1100000000010001001111110011011011100100010101010000010001110100
0100000000011101010100010100011111101101111000000010100011100010
1100000000100001101010100011111001100111010001010001100110010101
0100000000010001000111110110000011011111100001001010111101010101
1100000000000111111100011010100000011011011001100011110110101100
0100000000010110011100111100100001100111100001001110100110010100
1100000000011000111010110010010110011111111001101000000011011101
0100000000100000111011111000010010100011010111100100010010110100
1100000000011110000011001110101111000101000101010011100111010101
0100000000000100100110011100101111100001110110001101100110000001
1100000000010000000000000111010011100010001010000110011101010010
0100000000011101000001101001100000001110110100101110101110100001
1100000000010001110001101100001110001101010110001100011110001110
0100000000010101111010100001100001010100010010011101110111100011
1100000000100010011101001101111011100001001101100000110001001001
0100000000010110001101001010011110011000010000001110000010011110
1011111111111011100001011100000001110010000000001101010110010111
0100000000001011111110010001110000010110000101101111011101001001
1100000000010111000010011010000101100010100001100111000110111100
0100000000100000001001011110111100110111011000001011000111100110
1100000000011110000000110101110111110010011111110010010111011000
0100000000001011101101001100110111011000111101010110000011111110
1100000000010010011000000001011101001110101010000000000010011110
0100000000100000001100000101101010010101010101011001010011111110
1100000000010101011110011101001000001011101001100000001100011010
0100000000010000011100000010000011100100010101110110011101011010
1100000000011101000101010100000000001001111000101011001100010101
0100000000100001111001000111111100110110000110101101100010101011
1100000000010001100111111010101101111100011111111000110101101001
0100000000000111001110100001101101100010010100101000011001100110
1100000000010101100111010011001000111001110001011011101000100110
0100000000011001001010111000111100111001100000101001100110000000
1100000000100001011100011100011111010001000100101100101011110011
0100000000011011100001110000110101101111110110011101011001000111
1100000000000010110101011001011111000001110101101111000010011100
0100000000010000001011111011001110011001011011110001101001110111
1100000000011100101010011010111001101100101010100110111000000001
0100000000010111100011001101001010000100011011111010010001010000
1100000000010111101011100000001011110101000111001110100001010100
0100000000100000110111101100001001000110101110010110000011100110
1100000000100000000010010000100010011101100101110110110100101110
0100000000000010101010111100011000110001001101100101000111100010
1100000000001010001001100000000000000110001001110010010111010001
0100000000010110100110000000111010110001010011010111101000111100
1100000000001101111000101110111001001000010000010110110111111111
0100000000011001110110001001000111000010100011101111100001000110
1100000000100011000011110100110110000100001101100001110100111000
0100000000010011110010001100000100101011110000100101100011100011
1011111111110101111110010110100000001111111101000010000100110110
0100000000000111100001001101111110011100001010011110001111010010
1100000000010010011110111010111111110010100001101000111110100110
0100000000011110010101110101011011100110101101111110000111000000
1100000000011111011111011011111001010001000101101011111011100110
0100000000010010111010110011000101011001001001010000000000010100
1100000000010011001010000101011000110100110010110101101010110011
0100000000100000110111010110010000111011110111011010111100010010
1100000000011101010010000000010101101111111101111001001000100101
0100000000000100100001011010000101100000001010011111001101000001
1100000000010000011001011100111010000010011111001011100111010110
0100000000011101100001011100110101110111111110111001111011000001
1100000000010011101110100000001111001111010001001001011011110001
0100000000010101100100000100010010010101011111100101111110101011
1100000000100001101100010111110100111110001101100100001100110100
0100000000011100101011101000011001010011101111010010010001010011
1011111111111001011101110010100110111011001001010001011111010001
0100000000000111110001101011011111000101110010000001010110111001
1100000000010101000110111010111010111001001101100101010000010101
0100000000010011001000000010101100101110000000010111000010011110
1100000000011110110000100111100111001100001100001011100001010100
0100000000100001100111000100100101111101001011110110110000000010
1100000000001010011001010110110111100010101101110001101001010001
0100000000000111010000111000000000101101000111110110110110110110
1100000000010101010110100110001000011011001101010010010111101011
0100000000010001000101010110110000000010000010111011101000101100
1100000000011100001011010110000110110100110011011000101111110001
0100000000100010001100011100000001110100111101010000101101001001
1100000000010011000001011101101011001000111011000101100010000000
0100000000000011001101110011011100100111110011101111110011100001
1100000000010010100000111001111101001000000111110000100000000010
0100000000011001111000101111001110111110000011011101010110010100
1100000000100010010010011110000000111100011001011100010110110111
0100000000010110010000110001010100100011000010001011111110101010
1011111111111111011110101100010011110001100111011010000000100111
0100000000001111111100110001100101100001110011101100000010111000
1100000000011010000110010010000010000100000010010010100101110100
0100000000100000100000100100111110110101110010000101100010101010
1100000000011001111000010011011100000110001111111101111001101010
0100000000001111101010010011001100111000101001010100010011100110
1100000000011000110011100110110101100000101000101000110000011010
0100000000100011010010010110100101001011000010010100111110010100
1100000000010100011100001010010001101111100001111110111000110001
0011111111110001011110000111011011111100000100001010110100111011
1100000000000100101110000001010101011110110111011101011111101111
0100000000010001001110101100111100100000100101011111011001000101
1100000000011101000110101110010001011010101001101011111001101011
0100000000100000101000100100001100100111101011110001001101100011
1100000000010011110000000000010101010111111010110000100101110010
0100000000001111001101100000000101010001101101011010000111000110
1100000000011100001010011000001111101101001111100111010010001000
0100000000011111110101011001110111001110101111010110010111010001
1100000000010110010011000010110111000011001110011100011100010110
0100000000010010100011000001101010010011101000101111100111110101
1100000000011110010011001010110010100001110011010100011010111100
0100000000100001001100101100001100111110101101001110101000110000
1100000000001110111111000000000111010001111111110001000011010100
0100000000001011101100101101100110111100001011011010101110101110
1100000000011001011111100001010001011110010111100001011101101110
0100000000010101111001111101111011011010011101011000010010000010
1100000000011100000011110000001000111111100010101010011100110101
0100000000100010001011101111100001101101011110010011111011010010
1100000000010100100001011100111100110000101110001011101110000110
0100000000000001101100101110011101000011100001010010000100100000
1100000000010001101110100111010100110111100011100011001101011011
0100000000011010011101000100111000101010110111110010000101001000
1100000000100001100000101011100111001101101001111110001101000010
0100000000011000011011010110000100100011000011111000100111110000
1100000000000100100100001110101110000010110100111100001000101100
0100000000010011000010011011110111111001001100110001011110011010
1100000000100000001101111100110110110111101110101000011001111011
0100000000011100111010110100110100101100111001011100001000110111
1100000000001101010000001100101100111001001110001001011011000010
0100000000010100010101000010101110011011000001100110001111001001
1100000000100001011110001000011010111000010100001100110000001001
0100000000010110011110110000001110111000001010101000101010110110
1100000000000110000010010101100111000001010010011001111001001011
0100000000010100111000000110011111011000101010111010100101001100
1100000000100000001011110000010111010111000001001000111000001011
0100000000011110001010000010101000010110001011011000000111000101
1100000000001011111101001001000101010011110110101101000011010110
0100000000010011000000011100110100100001111010110101100110101110
1100000000100001001010010111110001000101110111010010001011101010
0100000000010100100100010111010100000010010010100000000100010001
1100000000001010000101011100010001100100100000111011100001000001
0100000000011000100000001011000101000001101101100110000011001101
1100000000100000000000110110010101001100000011000110000001100010
0100000000011100010110110010011001110011011011000011101110001010
1100000000010000011000010010010010101000110110011010010100111110
0100000000010110011010011010010101011101101001011001000101011010
1100000000100010010101100001010101100110010100011110010100110011
0100000000010101110010100111110110001001111111100001101100100001
1011111111111111001000011000100101001101111011010110001101011100
0100000000001110111000101111101000111111101011101110111000101111
1100000000011001001001110101101011010111001010011110011100010011
0100000000100001001111010110101001101111101000010101100011010010
1100000000011010101101110010001001100111001101110010100011101110
0100000000000101011000111001010000010100010000101101011100101111
1100000000010010011011010001101100010111010000110011001010110011
0100000000100000000010011000011000001001011111010100000110101000
1100000000010111011111100111011100110100011110111110100001101010
0100000000010000100100100001101100100011011000110100111111100011
1100000000011011000100000110000001101011110111111111010100100110
0100000000100010010001011101001011101100010010100101001010011001
1100000000010011011100011111110101001011001111001001101011101110
0100000000000001100001100010110110101110000011011010100011011010
1100000000010001111000001111001010000101110000100111111100010110
0100000000011001011011001111110000010111100101001100000110010010
1100000000100001110100111110010001011000110101100100000010011000
0100000000011001111110000011001100100110000010101111001100011110
1100000000000001101001011101000000101101000001000101110110010001
0100000000010001000110101001110001000001101111110110000100100000
1100000000011110001010011111000100100101001101101100010000010011
0100000000011001110010101110000011110001001100000111100110010100
1100000000010100100110001111111110011010011011110101110101000110
0100000000011100101111000000101000110110110110101101000100101000
1100000000100010110110111000011100001001110110110001101000010010
0100000000010000011101111001100100010101110100110110001101100011
1100000000000000001100011110000011110111000110100110101100001110
0100000000010000000010111001001000101001110000101100010111001011
1100000000010100000101110100111101101110000111110110111110101001
0100000000100000110011111001100101000110010101010111001101000110
1100000000011011010010001100111010110000011000101000001001100001
0100000000001000010110100110001100111000110011001110111000111001
1100000000010011100001000100010110011010010000011110001100000010
0100000000100000111101111000100111010011101001010110100110110011
1100000000010111010110010000010011101111011100011100001010110101
0100000000001011100011011010110011111001101000111110011111000100
1100000000011000001001010011100000011001011001101101100011110111
0100000000100001011110100011001110110011000101011010111100110110
1100000000011001101011100010000011100110101010101011101101101110
0100000000000011101100000111010001110010011101000000101101100001
1100000000010001100011001101110101101010100100111101100111011110
0100000000011110000001110010101011100110100000001010011000001011
1100000000011011010001101010001111010010010100101011011111101000
0100000000010101010110111011101111111101011001110111110101100100
1100000000011011100001100100111010001010000101110010000001100110
0100000000100010101110010100010101000010010101111110011000100001
1100000000010010011001110110100110001110100000000111110000110001
0011111111111011100100010010000101101011101110001111110101101111
1100000000001011100000011100010111110100110111110010110100111000
0100000000010011110011110000000110110010001101111110111100010001
1100000000100000001011100110010011111010011010000001110100111010
0100000000011100101000010110110010001010100101011101101100001101
1100000000001101011111110100000100000000111011001000111011110110
0100000000010100111010000010011100011010101101001101010111101011
1100000000100001110000111001111001001101000010110100101000010111
0100000000010101100010000011101111010100000011001100010000010001
1100000000000101001001111111111101001001101000001110101011011010
0100000000010100100010001011111010000101111100100100101010101010
1100000000011110111011101011100110110001101000000111101011101110
0100000000100000101111011011000001110111111101010100101110010010
1100000000001101110110110110110001000010101011100001010011111110
0100000000001110010101001100110111101001000110100010000001110100
1100000000011100000011101011110111011001011111011011010101111010
0100000000010101011110000101111001000010101000000011000011011000
1100000000011000100011100110000000000010000110110101011101110011
0100000000100001101011101000100101010100101101010010001110000100
1100000000011001110100011000000000110101000010111101011000111111
0100000000000000110100111110010110100010010011011010001100011001
1100000000010000001100101101001100011101010000110010101100110100
0100000000011100100111110011100001000101010000010001111010111010
1100000000011011000111101001000101101101011011110001010100010000
0100000000011000111000000000100011011000010010110011101101010000
1100000000011100010101100101001101011011011111100001110111101101
0100000000100000001011000101011000100010010001111101100001111000
1100000000011000010000001111001000100110010111000000001010100011
0100000000010001001100110000100001101100101011000101101010010111
1100000000011100000011000010111000111111001000111110001010101101
0100000000100011010101011001001001101110100111100101110111111010
1100000000001110000100100001010000110110101111110110111001010111
0011111111110111110011001111101110110010001111101101110111000110
1100000000000111011000110011101001001000011100000010001011100010
0100000000001100011001111110010100001100001111010100011111000101
1100000000011001010100101111011011000001011000111000001010010001
0100000000011000011110111110010010111011000011000111000011100110
1100000000011101111110001110101110011100101111111001111101011010
0100000000100000101111011110011111110001011110101110010110011110
1100000000010011010101110001100000010110101010011110101000110011
0100000000001111001001001011000110000010010011000001111101110010
1100000000011011111001011001010001101011011100100100110111000101
0100000000011110101111001100010010101101000010000110010001100110
1100000000010111101011111000100101010001010101100110100001110110
0100000000010101001001010000001110101111100001011000011111100111
1100000000011111111010100110010100100011110101111010110110011110
0100000000100001000111100100011110001001111100001100011000110001
1100000000000110000001101011010000110010111100010110010010110101
0100000000001000101001100000111000110111010100001101011001000100
1100000000010101001010101000101111111111001010011100111010010000
0100000000001100110110011111011100100111000001011101111111010111
1100000000011001101100011110101111001000000111111101110111000111
0100000000100001101111011111000011011100111001011011100001100011
1100000000011000001110001011010001000000110001000000100111011110
0100000000000001101101100110000110000110011100011010110010001110
1100000000010000101010101101000100100100110110110000101101110101
0100000000011100110001110100001010110001000111100000101110111111
1100000000011110010010110101111100001101000001100100111010100001
0100000000010101101110010011001100100001011001100010000010100010
1100000000010101111100100001101111111100000001111000000011100111
0100000000100001011100001011011101000001101100101011100001101110
1100000000011110010000100111100000011011101000001000001101110100
0011111111111010001110110111101010000000101001111100010111000001
1100000000000111110111011110010011100100100110110101111000001001
0100000000010100010111011000011011001101101101100011110001110011
1100000000010000011011000110011010111001110011111001011010010100
0100000000011100010100000010010111011110001000010111010011011010
1100000000100001000010001010000001111011110111101011010111111010
0100000000010100000011000100110110011011111010010000011011101000
1100000000001100111011100001011000110001110111100111000001110001
0100000000011010101101110010001010000110010010111000011110001010
1100000000100000000010001100010110000100100100000010100000101111
0100000000011010010111100110110001111010110010001000101011111110
1100000000010001111101011101010110011101001111001011100111100100
0100000000011010110110000110011010110010111100110100110101110101
1100000000100011100110001111010001000001010101000001100011111101
0100000000010000000111100000000100101001001010010111110110001010
1011111111110100011101001110001000001100011011000010010010010001
0100000000000011101111010000101010100000010011100001010101010110
1100000000001010001111100101010001100010110101011101111100101001
0100000000011000001001111001001111010110001100000100110011000001
1100000000011001011100010010111000101101001011010000100000101000
0100000000011111101101100010010101111101110100000000101000011111
1100000000011100111000000110000111100111010011010110111010001110
0100000000010001000111110000101000001010001010001110001111100111
1100000000010110010001011001100000000001000011111000111001100011
0100000000100010101011010111001110010110001101010001011101111111
1100000000010111001011110110011110001001100111001000001010001111
0011111111110101101101111110101101010000110101101010110011110011
1100000000001000110011110101001110000000001111001110011111011000
0100000000010101000010100010100001001010001000111111000100111101
1100000000011101100011011110000101100111001000001010110000011011
0100000000100001110000111111001101101011010011000000010001111011
1100000000010000111100101111000110101011111010100000011011010111
0100000000000111001000000100001111010001111010000111101001011100
1100000000010110010111000100110110000010011000010110011001011011
0100000000011000111001100011000100111111111111101110111101100001
1100000000100000111011101010010011110101100101010111100110010011
0100000000011100100001001110110111110001011010000100001001111100
1100000000000101100100010111101011000010011011011101000011100001
0100000000010001111111001011010010101101001011100101110100001101
1100000000011111111101101000010011110100100101111001110011100011
0100000000010011001110011111101000100001010111010110001001011011
1100000000010000111001111011011010011110100000011111101011110101
0100000000011110100001100111110010010100010001010101010010000111
1100000000011111011101110011001101011010011001100100111101010010
0100000000010001110101100110011001001111100010000111000100100011
1100000000010010110011100100100110111101100001111111010001110010
0100000000100000011101100111101011001001100001100110110111010100
1100000000011011010110000001010111011000100110000111011011101100
0100000000001100110111000010010001001101111111100011101000000011
1100000000010101110100000101010001110100010001001110001111001011
0100000000100010011000101101010010111111001010001011001101010010
1100000000010110110001110010101101111011101110010100101111110000
0011111111111100010000101111110111000100110010010011111100100111
1100000000001100100111010000010010010000011001001111000010100111
0100000000010111101110100001010011011001000110110000011011001000
1100000000011111101000100000001000000001001010010010001011101001
0100000000011111000011101000100100111000001110100000101110000011
1100000000001111001011100011000010100111001111011011101001011111
0100000000010010010011101000011101000001011000101001011001001000
1100000000100000010001001100000101011101010001000101110100001100
0100000000010110100011101111000100110110010010110001011101000000
1100000000010000000111001100000111000011110001110001001011010100
0100000000011011110000110101101111000000100000110010001111111001
1100000000100010000001100011011010100110011010100011100101111000
0100000000010010111101011110100000110010011110000110100010001100
1100000000000100011100110010111000011000011001011101001110000001
01000000000101000