0011111111010000000000000000000000000000000000000000000000000000
0011111111100000111010100110000111000101101100100001111111110011
0011111111110000010011101111101101111111011101011000100010000111
0011111111111101000001111010001111101101101101110110011101011010
0100000000000100011100111100000010011100110000010110101010101011
0100000000000010111100010011001001101111010000101111010011000110
0100000000000110000001000011000111011111010111111001101011110011
0100000000000001110011100111001011101101101101010100010111111101
0100000000001001001001111110111101100110001010011001111000111010
0100000000000000110111101000111011000011100110100010010011000100
0100000000010000000001011011100110010001100101100110001100111100
0100000000000001110101111001010001100011101111000111010110010010
0100000000010001101010110110101010100010000110001010110010001101
0011111111111110111101111011001000101110000000011000010101110000
0100000000001011011110001111011001001010001111010010010111111111
0100000000000001111110100101100101110000010101011000111000010011
0100000000010001101010111001100000010101011110101001100001110100
0011111111111110100010001010011110111000101010111001100010010111
0100000000001011010100100000110000101110101010010101101111101110
0100000000000010001011110010100001111111010001100101100110010110
0100000000010001100000110001001010100010100111001010001000001101
0011111111111110100110111100111011110101110010110001101010011110
0100000000001100001011000101010010010011101110101100100001110001
0100000000000010001001000100000011011101000011000001011100101011
0100000000010001101110001101011110010100100100100010111111001110
0011111111111110000001101100011011110100010010000110110101110000
0100000000001010111001100001101000111010011000001011100101110011
0100000000000010000111100000101001100100111011100011100111001011
0100000000010001000111101010011110110011000111100101101011111011
0011111111111110111001011010001000111110011001111000101000001000
0100000000001111001100011001010111111001000011101011111000110000
0100000000000011100101010110110011010100010101011101110001111000
0100000000010010000000010101011001101010111001011001001001000101
0011111111111010001010010101111100000010010101000000011101001111
0100000000000111100101100100110001110001101010100101000000100000
0100000000000011111100011001011011011101111011100010010101010110
0100000000001011011101011001001101001010000110111011110011110001
0100000000000000011110000111000101011111100101111000000010001010
0100000000010001100111010011100110100000110011011011001011001111
0100000000000011000011001010101001111111101101011000100010110010
0100000000001101101100011010110110101010001101111101010010101111
0011111111111100011001101000101010100101100100111011111000011010
0100000000010010110100001001111000011011111010011111111101110111
0100000000001011010100011001100001001001101001100001100011011010
0100000000001110011010110010001000101000110000011001111111101001
0100000000001000010010010101110000010110000010100011011000000100
0100000000010000100001101011010011111010010100010000111111110010
0100000000000001011000110000100111100101011000010101110111101001
0100000000010000011110100010100010011100011000000110110001001011
0100000000000000001011101101110100001001011001110001011001100101
0100000000010001001010001010011100100001111010111111100110001011
0100000000000010101100101110001011010100110111100110110010010000
0100000000010000000010101011101111110111110101111000001101001110
0011111111111011111010100001001000110100101001110100010001010111
0100000000010001110011100001110101111100100010010010110101100111
0100000000001010110011001001100110011001011001010111110110110011
0100000000010000100100011000101100010110000110111111111100001011
0100000000000101100000111100011111110010010100011011010110110110
0100000000010000101000001111110100110001100000000011111100001010
0011111111111010110101001010001001011101011101000011011000100100
0100000000010000011100110111010010101111101000001111111010101100
0100000000001011001010101110001100101111011001011101000000111110
0100000000010001101010011101011100111001101100101100011000111011
0100000000000101000001111000001101110000101100000001011000011011
0100000000001101000111101111110110000001010011100110101111001011
0011111111111110011100001111011101000110000110101100011001111111
0100000000010010101100000110110000111011001111110011011000000111
0100000000000111000010011100110001101100011001111111100010010010
0100000000001010111011111101101011100111010011010010100110110110
0100000000000011000001011010001000111100000001011010100010011001
0100000000010000100000100010000000110000100101101001111101011001
0011111111111101110111100100101110111111110010011011011011101000
0100000000010001000000010000110101110000000001111000011100010000
0100000000000110010001100001010100101111010000111011100100101111
0100000000010000111000101111100100101110111001111111101110011010
0011111111111100000000010101001011001111011011000011101111010011
0100000000001111010110101111101100000110000110101111010010111001
0100000000000111111011100001010000001100111110101010110010000011
0100000000010001100000000000101101110000110101100100011110110101
0011111111111110001110101110000111000001101010001001011100000100
0100000000001011011110100000000100100000001101001010100001101011
0100000000000010011111001000001101111001111001110100011010000010
0100000000010001100001100001011010111110001000111000100100101010
0011111111111101111111011011100010001001110110011101100000001000
0100000000001011111011110101011001110101001000011110011110010010
0100000000000011001010011000001001111111111101101111110110010110
0100000000010001010111100110100001100100100000001110010011010110
0011111111111100100110111011001011110111000010101001011111110100
0100000000001101000111111001001001011001111011100010101101001011
0100000000000101000101111010101000110110110101101100100110011010
0100000000010001101000001100101000110000011010111110010001101011
0011111111111001011000000011111100101110101110100110001011101011
0100000000001010010101011111100000011100000100101010101000111111
0100000000000111100000011111111010001111110011001010010111010110
0100000000001101101111110111010010111100100110001101111011100010
0100000000000011001010100001100001001110101111110111000011100101
0100000000010001101010011010101110000001001001101111100100001101
0011111111111010111110111010100110011110001010000001000001101100
0100000000001010001000000101011010101001100101011010101100010101
0100000000000100111110110011011111000110111000010010101111000111
0100000000001110111111100010100110111011011110111011111101111100
0011111111111111010001111100100101101000100010010000111001010010
0100000000010010001001001010111000101010011101111100100001001110
0100000000000101010011001011000001000001101101000001110101100111
0100000000001100001011010010111011010000111100011000101110011110
0011111111111111001101111010011111100110111001101110001011101101
0100000000010010010000111000111010000001010110011001001100100000
0100000000000101110111000011010100000000111111000100000111100011
0100000000001011110001001111011001111011110000110101010000000010
0100000000000000110111001000111010101101010010101000111110011001
0100000000010001100001111110100111100111011100000011101010110110
0100000000000001111111110000101000101011010011000100111110000011
0100000000001101011100111101000101111111000001010011111110110111
0011111111111101100000001000000100000011000110100001110010100000
0100000000010010110100101111110101001000111100101111000110110010
0100000000001000111110110000110111001100101111110010111101101100
0100000000001100001001101110101000111010000111000110010100100011
0100000000000101011101011001001111101111111011000000110010110101
0100000000010000001011011110000110001010100111011001100111010001
0011111111111110000100000101011001010100101111001110000011011110
0100000000010001010000000011100010011110000111011000111101010100
0100000000000110000010001100010110001111011001100001100101110101
0100000000010000011010001011100111110100001111001101001101111111
0011111111111100101000101010101000011100000001010010000100110001
0100000000010000110011101111010111110010100101011110101100101111
0100000000001000011000011010100100111101001001010110010110000010
0100000000010001000111001110101110111110110100111101000000100011
0100000000000000011100100010011100101110100110111010011010001110
0100000000001110001101110000010010111011001011110010101001011111
0100000000000001010100001101000110010101001011111111101001101011
0100000000010010010001010011000110110010001110010110111010101111
0100000000000000110000001100110101100011111011000011111000100101
0100000000000111101101011010011010111000110010000110011100011000
0011111111111110010000001000011010000111000100010111010111000000
0100000000001110011110111100000111011100101000111110111111000111
0100000000000101001000101000101101001100111111000010000100101101
0100000000010001110111001100100111010000111111000100011101011000
0011111111111001001110100011011000101110110101100100010110110010
0100000000000111111101011101110010100011111011010011100100111100
0100000000000101010111000000100111000111100101001101010111101101
0100000000001010111000100100100111011100010011101110110100010101
0100000000000001110101000010000111101111101010010010011111010000
0100000000010000111010110000000101101110000000101000110101111101
0100000000000000001101000101001001111101101110101000010011100011
0100000000010000000011110100110101010010001100000001111000101001
0100000000000001110000001111111101001111010010001111001011110001
0100000000010001110001010100110100110100100000110101111010111110
0011111111111110110101011101100011110011000101111001000000011011
0100000000001010111110100001111111001010101000010111000111010100
0100000000000001011111011001100100111001101000101011000110101101
0100000000010001010101100010101010101001011000110111101101010111
0100000000000000001100100001100110000010100101010111010101111010
0100000000001101111001000000001111001101011010010010011101001010
0100000000000001101000011011011001011110100010111010010101010110
0100000000010010010010000010110111001010101101111100110000100010
0100000000000000000000100001011101101001011001101100010101111101
0100000000000111000001100011110001001100000011111100100000101001
0011111111111110101110010111001101011101011110000011110000100011
0100000000001101001001011000111011100110000100111010011000010010
0100000000000100001010010000010110000101111100101100011101111110
0100000000010001110100111010000001010010111011110011010001011010
0011111111111001001111111010100011111011101100111011110100101001
0100000000001000001110011101001101000100110011101111000000001100
0100000000000101100000100100000000111110100000010000011110001000
0100000000001011010001111011000111011111010110010010100110010110
0100000000000001111000011100010001001001011101011011011011100100
0100000000010000111101111010001101111101110100111011001011001100
0011111111111111000001001001000010001101011001100111000011101000
0100000000001111110100101100101010000000001011101101111110001010
0100000000000011010000101011010110010000110000011110010101010100
0100000000010001101111010100010001011111000001010100100000001111
0011111111111010111110000000110111001001010000100110011001010100
0100000000001001100101011110100011000011011000011100111110000101
0100000000000100010001111101010010101111100110110101101011111100
0100000000001110111100010110001010110000001000101101101101100011
0011111111111110101110000010101110001010011001100011101010110011
0100000000010010011101011101010101100011101010010110011011010010
0100000000000110100111100101000001110100101000101011011110100110
0100000000001011011101001001101000111011101110011111001001001010
0100000000000001111101110110000111101010000110110101100000001010
0100000000010001001001010101101001100000011011100111001010010010
0011111111111110101101110010100001010011011100101000010001101100
0100000000001111000011110011110111000001000011101100100000010011
0100000000000011011011000101000011000101101011000101000011001110
0100000000010010000111100000100011100100010100011111111110010010
0011111111111010010011010001011101110111111010111000010100101001
0100000000000110100100101111111111011100100011000011010100011100
0100000000000010100111100001101100011101101011001001010000000110
0100000000001010000010111001011101011001111111010111010110101000
0100000000000000100010011111000000110101110011110010110001001000
0100000000010000111110101011001110101010001110111011110100111001
0100000000000010100110111011100111101000100010111011100101000110
0100000000010000011010101010001101101100111000011111111011011101
0011111111111101000000110000000001111101011110111010111111110001
0100000000010001001100110010111100100010011101111111011101101111
0100000000001000010000011010011011110110010011001010000111000101
0100000000010000111100101100100110001000100001111110110111111110
0100000000000000011011010100111100000001101111011010100011001111
0100000000001111001100110001001110010001100010100001001101101000
0100000000000001000010100100110011000000110001101000111011010011
0100000000010010010101001101011101001000001000101000111110001011
0100000000000000110111100100001111011111011011010011001111011001
0100000000000111011100110011101100101011101010110000100111101000
0011111111111101111111100011000001000011000111110000001011100101
0100000000001110010010010011100011001110000111011100010100110110
0100000000000101001000111110110000010101111000101011001001100010
0100000000010001101111101111111110001001111101000110111001101111
0011111111111010000000001001001000000111111101100111000100000010
0100000000001001011101011000011000001101110010110000010000110000
0100000000000101110010100001110011110010110000000001101010101101
0100000000001101101111001010011100011011001010001001011010101100
0100000000000000101000010010111100001010001000110110000101010110
0100000000010010010001111001000011100000001001001000000111011000
0100000000000010100110011001010011010011100011101001110110001101
0100000000001001000111100011011001101110010000000010001110001100
0011111111111110110101110010001011001010110110001101011100001001
0100000000010000010101100111100111110000001111011110111000011010
0100000000000101010110001000111110010100111101001100000000010010
0100000000010001100010001010001011111001000001000000101001110110
0011111111111001111110101100111001111110010001110111110110011100
0100000000001010110110010001111101001011111100111011111101110010
0100000000000110101100010111011011001011000110011100101110001011
0100000000001111100011001100011111010111010010001000011101011011
0100000000000000011111100110111001001101110100100001010111000110
0100000000010001110100011011111000101100001010101001100101101011
0100000000000010010011100110101000000111100001000100010010011110
0100000000001100011110110110110010110110010101011001000000001001
0011111111111110010110110010010001101100101111100110100000111110
0100000000010010110000010010100111010100100011000111101001100110
0100000000000111100010111100010101100111000010010011111001100010
0100000000001011000101010101001010001001100111010001101100010000
0100000000000011001101101110110011000100001110011011010111000010
0100000000010000011100101100100100011011011111101100110011110111
0011111111111101100111101100001000101011011010000000101100111011
0100000000010001000000011000000101011011100100110011110111110101
0100000000000110100111010010011000100001100110001001010010000000
0100000000010000111011010000110010000111010010011001100111010001
0011111111111011101001110000110100001011011111110100101101100000
0100000000001111001110100000110011110101110101111010111011111100
0100000000000111111010111111101011110001010001011000001110111100
0100000000010001100100011101010111011111010010011101011010101101
0011111111111110100101001001000111101010010001110000111100101000
0100000000001011001010010010001111101101001000011110010110010100
0100000000000010000011110001011100000001000001010111111001010100
0100000000010001011001000010111000011100011001011010100101010100
0011111111111111010100010001000011011101011010000010111001001010
0100000000001101010001001111010010100100001010100100110111101110
0100000000000010001100110111110111110100110001110111111100101100
0100000000010010010101000011111001011101010101000100111011110110
0011111111111101010111100111010101110010111001011100100101001111
0100000000000101100101000011101100110100001100101001011010111011
0100000000000000000010101110001111100010011000011101001100000111
0100000000001001011010001011110100001011110010010100101000000011
0100000000000001111001110010110101011000110010000010010010101011
0100000000001111101011101010110000111001001110101011011110111111
0100000000000000001110101001010011011101110110010100001011011010
0100000000010010000011100010101000011100010100001011010100110011
0100000000000011001010011001011110100000001101010011001011001101
0100000000001011010001011000110101101110001100011010001100101000
0011111111111110000001101111000000001011110010101011101110110101
0100000000010010000101010001111101100101100101000011001011101010
0100000000000111101111111100101000001001000100001111101000110110
0100000000001110100000001000111111001011111000000001111000111111
0100000000000001011111110111001011001100111110100110000001101010
0100000000010001110101001001011001001111100001110011011011000101
0100000000000000001110010110111111010110100011111110010100001100
0100000000001011000111010000010110111100100011000000110100010111
0100000000000000001111101100101000110001011010011000101001110101
0100000000010001101110001110111011110000011011011101101101011111
0100000000000011101000010100001010101010001010101101101111100101
0100000000001101101010010110001110010110001100011011100010011001
0011111111111101001111110001110100111101001000001101010101010111
0100000000010010110111001001000010100011000100101000111111000001
0100000000001010000110010000011110010011100010000100010111001111
0100000000001101000110001110000110010001001001111011100001000100
0100000000000110100101110111011101011001100011101100011111010110
0100000000010000010001011100101011010100110011100000110011011101
0011111111111111100011000110100001111101101001011100011101011001
0100000000010001010000111011100110011101000000100110000100110111
0100000000000100001100001110101110110010101000101010111000010100
0100000000001111111100010110110011100110001101001011100010110100
0011111111111100000010010010000000001010001110011101001011001110
0100000000010001110101100000000010101101010001110111111011100000
0100000000001011000011011111000110111101010010000001101101011101
0100000000010000101000101100001000011001110010011100011110110110
0100000000000101100110110000011000001111010101010000111111110011
0100000000010000011111010010001111010000110011011111000001001111
0011111111111011001110110110100001000000010111000101000010010100
0100000000010000111000111000101001001010100101010111100000011110
0100000000001011000010001011001010100110100101111110111100001000
0100000000010001010101001100111111111001001110000011000000001001
0100000000000101011000101001011000000101111011011100000010010111
0100000000001110111010011100000111101110000000101011101101010110
0011111111111101101111001111010010010100000010011001010011001010
0100000000010010010000001001010011100010000110110110001101010001
0100000000000111101111111010110101000010111000101000110101011001
0100000000001101011101000110011100100101001000001011111011111110
0100000000000010010110101000110011101010100110010001111100101100
0100000000010001101100100011101000000111101101011000100110000010
0011111111111101011101111000000101000111011011111101001010011010
0100000000001010110011100010101101111101000000001011000101011011
0100000000000010111111101111100100001001000110100011110111001011
0100000000010000110000110010101000010011010011111110100110010011
0011111111111101010100110000100011100100011101000011011110110011
0100000000010000010010000111000000001011110101111011001100010011
0100000000000110100010010110111111110111001111110101110100110100
0100000000010001101001010001100110011000110001100100110101110100
0011111111111010000001000010001111010010110101001011111100101110
0100000000001001101001101100100111011001100101000100011001000111
0100000000000101110100011111110001011010111010111001110110000110
0100000000001101111000110101000110000111100111011001111100101010
0100000000000000110110000010010111101100000101000001101100100011
0100000000010010001000110101000110100100101010110101100100001010
0100000000000001111101010111001100001011100110011100101011001100
0100000000001001101000111110100010111110111000011101101011100011
0011111111111101110100010011100001001001110100101000001010101011
0100000000010001010000111111111100000100011010110001001110011111
0100000000000111100001000111001011000011101010111101110011001110
0100000000010000101000110010110110101001000001010111100100100001
0011111111111111010101111011110110101011001110110101101000110101
0100000000010000011010000100110000101000001011011111101011100001
0100000000000011011010011001010000000101011110011101010001000010
0100000000010001011000010010010010110111001001111010001111101111
0011111111111010000001110000010000000010111110001110100101111110
0100000000001100100100000001100110100101001010001001010110110100
0100000000001000101000100000001010000000110111001011101100101001
0100000000010000010101100001000111001100011101110111101010001101
0100000000000010011010111001000001111110000010101001001101110001
0100000000010001000010100111111000011111000110100100101011111100
0011111111111100100111110111001010010011011000111010001000000010
0100000000001111000101111110110101001010110101111110110101101001
0100000000000110100100010110101101011101011100001100100100001010
0100000000010001101111010000100110101100110010010010011010010101
0011111111111010001100000101110110011000011011111110110000001110
0100000000001000111011111101101111001001010101000111100101001100
0100000000000101001100011111111000110110010000101001110001110101
0100000000001101010001010011011000010111101101110001100100101100
0100000000000000011010110111011001110101100110011100011100100101
0100000000010010010111110110001100000101111111001010011010110111
0100000000000010101110110000101001111010001001100111111110111000
0100000000001000101110101101010001111111011100011010000000010000
0011111111111110100001001000000011111001101010111101000110010010
0100000000010000010000111011100111011110000010001011000000011100
0100000000000101101100010000100111000000110010001111001110001011
0100000000010001101000101000000110111001101111001110000110001100
0011111111111001000000110110001001011110001000100011101100001100
0100000000001001110110011001010110010101110000111110001000011111
0100000000000111001001001000101010100001111110100111110101110111
0100000000001101001010111100011001000011000010000111011001111110
0100000000000010110111010000101100000101111110100100010111010101
0100000000010001101011000101000110010100010010100110010111110101
0011111111111100011111010000001001010000111101000011010101101100
0100000000001010100000011101100100010001011001111111100100101110
0100000000000011010110100100010010100000111111110100001011100011
0100000000010000010111011010010111101001001111011011110011100101
0011111111111101101100111101101010101000011000101100001101000011
0100000000010001000011001010100100011111010010110010110110011010
0100000000000110011001101000001010000101110000110001011010001011
0100000000010000110111010101101110111000101110111110001001110111
0011111111111100001101111100101100101110010111110100010010111110
0100000000001111101001110011010000111111011100100000001100001001
0100000000000111101011110110111010111000000111100011000110101010
0100000000010001011100111001010000101100000001011110110111100001
0011111111111110100000101011011110011111001100011110111011100011
0100000000001011111001001010111011010000111110100101100011110111
0100000000000010000101110011000101000011111000111011000111100110
0100000000010001101101101001111110100101100000011110011010101010
0011111111111111000101101110000010000000011010101100100111111110
0100000000001011001110110100100010110110111100000100011011011110
0100000000000001110100011111101000110010001111111001111101110010
0100000000010001011111110000010010100101010011100001011111100111
0011111111111111000111011000111011000110111101011011100111001110
0100000000001100011011010001110111011101111110101100000110010100
0100000000000010000001010100011011011011101010100011110101101010
0100000000010001110110001011011111000100110101001001010011000011
0011111111111110101001111010001101001010110011001101110011100000
0100000000001010011010101000010100010011011100000100010001111001
0100000000000001011010100101111010100011100000110011001001001010
0100000000010000111010001000001000111001010001100010010111001100
0100000000000000110011111010001110000010110011010000101000001000
0100000000010000001101000010011001111011100111010110111111010101
0100000000000000111111101101101011101110101010010101110101011000
0100000000010001101011100010000110110100110000001001101111101100
0100000000000000100111011011010000011100010011010011000101100011
0100000000001100001100001010101110001100110011111000001101101001
0100000000000000000011001101001111110000011100100011100001111000
0100000000010010011101011011000000001001001001001011101101010101
0100000000000100000011001101011011000100010111101000101100100000
0100000000001001011001000000100011010000111100000101011100111101
0100000000000000010000100111111010011000111100110110010000100010
0100000000010000010101110010100110110010101101001000110000100001
0100000000000010111000110101000011011011111100100101110001010001
0100000000010001100000010111101100100101100110011101011010110011
0011111111111011011000010001100010111110010011011111110010000000
0100000000001011100010101110110010110100011101001100010010001100
0100000000000101010111001100101011011011101100011101000111101011
0100000000010000100110110111011011000010001001010010011101100011
0011111111111100010010111101100110110011001001000000000100110001
0100000000010000100001010011011101001011100001111111000001110000
0100000000001000101001100111011011100001111100010111110110001001
0100000000010001011010110000001101110010100011011110110101000011
0100000000000000011000000000000111000100100100001010100011101011
0100000000001100111110111011011110111001001111110010110010110000
0100000000000001000111010101010110011110101110001001001101010001
0100000000010010010111000111101110101101000011011110000100111111
0100000000000000111000000111000011110110001110101100110011000011
0100000000000111010001110101110111110110000010100001100111110111
0011111111111101111100110001110110011111100110111011100011111011
0100000000001101111001100000111001101010111000101011011000010001
0100000000000101000100010110110100111010101001110010010010010000
0100000000010001100100100110000111011100110001111010110111111000
0011111111111001010011011110001010000000010011110000011111000000
0100000000001010101100100011001101111111100110001111101011011101
0100000000001000000000100001100110101011000100011001100010011111
0100000000001110010100101101011111111001010000111100000101101010
0100000000000011011001001001101111101001010101001010010111011001
0100000000010001100000001011110110110011111000100100011011011001
0011111111111011010100011011111000010100011101110101010000010101
0100000000001011101011000000001010001010110101100000110100110101
0100000000000101100010100011001000101000111011011100111101001111
0100000000010000100100111010010110000000111101101000101110011000
0011111111111100100110011111100110000111010010101100101010101101
0100000000010000101011110111011101010011110100001100101100111000
0100000000000111111100110001110101100011110100011110000010100101
0100000000010001001001101101111110000011010101111000100001111100
0011111111111111101100001010010110110111100111000111010001010010
0100000000001110010110100110111100011001101000101010100010011111
0100000000000010001111100001101100001111011001100001001111011100
0100000000010010001101101001001101011111100101101100010001110001
0011111111111101100100101011110010110111001100010001000000101100
0100000000000110100110000111011001111101010100111101111010111010
0100000000000000000101011001000010000101001011110110100110100110
0100000000001011100111111010101111101000011110101110110101101101
0100000000000010010100101110010100001010001011111001100100011000
0100000000010001100110110010100101010100011000011011011010100001
0011111111111101010111000000111111110110100000011110011101100100
0100000000001011010000101011001000101111100000111000011101010101
0100000000000010111110110001100010101010010011000010001111011001
0100000000010001010000100100011111010001100100011111011000000001
0011111111111100010011100110011010111000100011110100111110100001
0100000000001101110111100001000000001010011101000001000101100100
0100000000000110010100101011100010011001110010111001001010001001
0100000000010001010110000101100000010101011111100000110110001111
0011111111111011111000000001100101101010111000010111101100100100
0100000000001100110100011010000101001001011100001000110010110101
0100000000000101110010101101011111111111101011111101001010001010
0100000000010001010100111000000101010101000011000111101011100001
0011111111111010101010000011111101100100100101100010011111100110
0100000000001100100100101000000110111000010000001100000000101110
0100000000000111011011011000110110111111111011000011101110110101
0100000000010000101011011000100101110101100011001010101101000101
0011111111111111100001111100000100011100010100001111100010010101
0100000000010000001110010000000011100000000010001000100011000111
0100000000000011000000001001010000001000011001011110101101101101
0100000000010001101101000000010100010110001110111001100110001001
0011111111111010110001001011000001001110010001010101101010010100
0100000000001001110110000100010001000111100000010100110110011010
0100000000000100101110110010110111111000110101011001110011111011
0100000000001110110101010100100111000000011011111110011110001110
0011111111111111010111110111011010100100000010000000000011101000
0100000000010010001101001001111101101011100101010101100100000001
0100000000000100110001100001110001010001100001000100010010001001
0100000000001011010101011001110110011101110000110101110000011001
0011111111111111011111100010001110011010001011001100010001001001
0100000000010001111101011000001001100010100011011111010100111100
0100000000000100110111111001100100000001000011101000011100000100
0100000000001101001110101111100001100011110011010101100010101101
0011111111111101101001010101111000101101010100010110100001100111
0100000000010010101010100011100110100111000001000001011011011000
0100000000001001000000101010110001010110010101010110010001000001
0100000000001100110010111010100011110010111010110000000110001011
0100000000000100100001010010110100011000110100110000001010010101
0100000000010000111010011001110110100111000111101010001010011011
0011111111111011000111111111000001011010100000001101000101010100
0100000000001111101010100110001000001101010010001110110000110100
0100000000001001001011101000101101000001011001110111011010101011
0100000000010001010111000110110111101111000111111100011000001110
0100000000000001010101001101100011111001100001101011001001010101
0100000000001101000100000110111110110001010011000011110010100100
0011111111111111001010110100111010100110001101010101000011011110
0100000000010010100101110001100110000100100110010000111011111001
0100000000000110000101110100010111111110011011100010000110100011
0100000000001010100011000001111000001101111011110010100110100111
0100000000000001110101110010100000011011011010011110101000101001
0100000000010000011011110000100001000101001111000100101000001010
0011111111111111011111011001011010111110101110011010110101010001
0100000000010001010001101110100101001000000110101010101010000110
0100000000000011101111101100010100010100100110001100111110111111
0100000000001111101101111011101100011110000001000110010100010101
0011111111111011001111110100110100001101000110110000100101010110
0100000000010010000100010111111101011010001100001110101001110010
0100000000001101000001010000111001100110110101000100101011111101
0100000000010001001000100010010000000110110011111100100011010001
0100000000001001101000000000010001001010110001100000110000001001
0100000000010000010011110011101101010011011010111011001101100010
0100000000000011011100111110011011001101100010111111010001011000
0100000000010000110110101101110011110110001100000001010001001101
0011111111111011100111101100001000000011001100010011010011100101
0100000000001111110110001010010100001100000011110011100100001110
0100000000001000110011100101010100011100000110100101011100101100
0100000000010001011001011101111011001011011110010011001001000100
0100000000000001000100011000101101100100001001111110010011011101
0100000000001101001011111010101010101001100010011010100001111110
0100000000000000000111111101011110011001110000111110101110101100
0100000000010010100101110011000110110011101100000011001000101010
0100000000000100000000000001001000100011111011010000101100100001
0100000000001000101100101011010110111100001011010010001001111011
0011111111111111110000011111010001011110101110100101000010001001
0100000000001111011111110011100111000001010111001111111011110101
0100000000000011101100100000110010010001011100000011111010110010
0100000000010001110001101101001100100110000111001010101010000011
0011111111111010001000100101010101000110101011110000100000000001
0100000000001000111110000011000011110000100010110010001011010101
0100000000000101001001001111100101101011000100001010001111111011
0100000000001101011001000011011111000100111111000001011110101011
0100000000000000011100101000010100100101001001111111111111110100
0100000000010010010001100100001110111001100010101011000111110111
0100000000000010110000011101101000100111010111101011111000001011
0100000000001001010010000110100111101001000101000101110000101000
0011111111111111001010110010000101010010001111001101101001111101
0100000000010000011001011110100010111101110001111100001001001000
0100000000000100110110101011111101011011101001100100110000100110
0100000000010001011010011100011110110110100110011010111011000101
0011111111111001010101011101110000011001000100000111001011000110
0100000000001011101001100000010011110010010101100101111100111010
0100000000001000011101010000100101010111110011001000010111111101
0100000000001111011010101001011011011010110010111010001000000101
0100000000000010110111011100000001111111010001010111011110110001
0100000000010001101000000001101000010010000111011001011101101001
0011111111111100000110111110111100010110101001110110011011100011
0100000000001010101110001001101010100010100011100001100001011101
0100000000000011110111100101011111001000100000000011010001101010
0100000000010000011110011010110110010000111100000101110111000101
0011111111111100111110100111111101101110011110010011011100000110
0100000000010000110010010010100000001110110110100111100011101000
0100000000000111101101011111000111110111101011001110000010000010
0100000000010001000100001111010101101011011101101100101100110000
0011111111111110000101110000011000000000111010010101010011001110
0100000000001110100111101111011001001101000101010010110001001100
0100000000000011111001110001100111101011011001110110001001101000
0100000000010010001000111101111010100011011000001110010001100110
0011111111111001001100101111011001000001110111000100011000001101
0100000000000110000000001011010011111000001011111011100011000100
0100000000000011011000011100101111010010101010110110010000111101
0100000000001000011001101010110110110000010000001010000000010010
0100000000000001010110110111101111111000111001100100110001100111
0100000000001101110000010001100111110100010100000100111000000111
0100000000000000100111010010111011111010101110100000100011110110
0100000000010010101010001001010111111101101011010000011101101110
0100000000000010110001001100001011010101111001010000100000011110
0100000000000111000010111011011101011111101000101111011000111110
0011111111111111011100100001111000101011111111101011000101000110
0100000000001100100000110011000100101110100011111000110101000001
0100000000000010111000111100010000101011011001000101001110111100
0100000000010001101000011101100101111110101011001011100011100011
0011111111111100110000111110011000101000111011011001001100010000
0100000000001010110101000001101101101110010001101001101011000111
0100000000000011101111100011111111111111010111001110101111101101
0100000000010000100110011010111001011100100001100001100001100111
0011111111111101000000001011110010000110001100000000111000100100
0100000000010000101011111100001101011000111001100001100010101110
0100000000000111000100110010111101011000111100111101111010011000
0100000000010001000101011101111010011001111001111111100011101101
0011111111111101100001110001000011011011110010000001010101101101
0100000000001110011001010100010101101010111110110111100110000110
0100000000000100111001001101100111011111111000100111100001001010
0100000000010001111000101001100001011011101100111101010110010111
0011111111111000101101001100100000110100001111001011101011110101
0100000000000111011111110011111101000011110000101111110011011010
0100000000000100111101111111000101100100110001111010110001010110
0100000000001010100111000000010111001001011110010010000111100011
0100000000000001100111101011110010011111010101101010001011111001
0100000000010000110011001100010010100000100011110011100000000000
0100000000000000011111100011010111000110101100111011001001101111
0100000000010000010010011010101000101110100101100001011000101001
0100000000000001101101110100001000110011100010101111111100001011
0100000000010001100110100010001110001011010101101101111111101011
0011111111111111010000100101101110011111101001000011110010100100
0100000000001011111000101100000000111110000000110011101011110010
0100000000000001010111111001010110010110011111101000100011111011
0100000000010001111110000000110010010111101110011010001101111100
0100000000000000100100011000111011010111001001000000010100110011
0100000000001010001110000011100100011101110001101001100110000010
0011111111111111011010110111010001011100100110110100101111111111
0100000000010001100001011011011110100010000100100101100100000110
0100000000000101000111010110010000000111100011001101010100001010
0100000000001110111110110000101111000101100011100111101111010010
0011111111111100110111011011101101000001111101111001010010100110
0100000000010010010001010110011110011010111011001100011100010011
0100000000001001111101000100100011000110111111100000011010000011
0100000000001111001100000101001011110100100001101100100001000111
0100000000000101000110011000001110101100001101100100111001101110
0100000000010001000110100110001111110101111001101011100001010000
0011111111111010101010000000101000010011011010001100111100111000
0100000000001110010010100111101101110001000101011100000101000011
0100000000001000101111000110011111000001100001010101001001001110
0100000000010001001001011101100000101100111001100010011011011001
0100000000000001010111111011110111000101000101010100101011001001
0100000000001110010011101011010001111101111011010101111101101001
0011111111111111111110000000011111010010000011010111100010110100
0100000000010010011110110101100011111100100000111111000111001010
0100000000000100000000100011111011010100011010100011010100001011
0100000000001001010000001110100111011000110011011101000110101001
0100000000000000001101011011101110011001101111011111101110001110
0100000000010000001010101010100001100101011101100101100110101010
0100000000000010110010010110000110111001110100000100010110111110
0100000000010001101101100100010011100010000010110110010101100100
0011111111111011000011000010100000100101001011011000111000000000
0100000000001001111100010110000011011010101100001001110101111100
0100000000000100100010101011111111011011010101010110000000001100
0100000000001111000100000101011100101010100011011110110101000100
0011111111111110001010101110000101011111101001010000101000101010
0100000000010010011010111000011011010100011010100100000100010011
0100000000000111000100100001010011111100111011100010111100101011
0100000000001011111101101000110111011000001010000101100001000011
0100000000000010010101111111100000011100111101101101111011111100
0100000000010001010110101011001000111110011000110011110001101011
0011111111111110001111010001110010011001111110110100101100110101
0100000000001101011011001111101010100000101111110110010001101101
0100000000000011010010000100110110001010111011010010111001001111
0100000000010010000010100100000001110110010110110110000110000100
0011111111111010110110010011100101100000011000010011001111101101
0100000000000111100010110000100110000110110011100101111111111100
0100000000000010110010101001101101110110101000010000011100011100
0100000000001100001110111000111101110101101100100100000110101100
0100000000000000000011111000000000110100101001110010100000011111
0100000000010010001001010010100100000111100101001110101001010011
0100000000000011110100101011100011100011011010110010010001100010
0100000000001011000001010110011001111011000111001001010011010001
0011111111111110100110000101111001101101101101001100001111010111
0100000000010001111101111010100111011010010001101000100101101010
0100000000000110011101001000100011111100001011000110000111100101
0100000000001110010000110111010010101011000011100010000111111100
0011111111111111010110001001110000111011110001110111110001111001
0100000000010010010110001001000010000100001100100100010011000101
0100000000000101001110110111111111000110101010101101111111011001
0100000000001010110101100010110010011001111100101001010110110110
0100000000000000100110101001011101110100111110100111010100010010
0100000000010001010001101000101100001000000111100111100010000011
0100000000000010100101101001101110010000101110110010111101100100
0100000000001111001101110111001110101001011011011000100101110111
0011111111111101011101101110110110011011001110111000001110100100
0100000000010010010111000001001110011111011011110010111111100011
0100000000001000110001000011010010100100110011100001101000011010
0100000000001101101001100110000110000110100011111010110010110100
0100000000000100000010101101100000011100110001010111110000101100
0100000000010001010111010001010101111000001111010000010110110010
0011111111111010011000001011000000000011101001010101110001110110
0100000000001100100110011001100100000100001100011000001101001101
0100000000000111101101101111100000010010100010111010011011111010
0100000000010000101000011011100001101011111100001010010000110111
0100000000000000100100111010000010001001100110000010110000001001
0100000000010000100010011111100000101010111001010101101010111001
0100000000000001011001000100101011010000110011100101111001011110
0100000000010000111110101010011110101111010101111101101001111110
0100000000000000001011100001011110100101100101000010100000011110
0100000000010000000011010011011011010110001100011000000111000110
0100000000000010001001110101000001110101001100110010111100100011
0100000000010001110000001001111010011100000101011010110101110010
0011111111111101001111011101010000011100111001011111101100001111
0100000000001010100010011100011110110000101000110100011110010101
0100000000000010111000011110011111011110010010110100000100010000
0100000000010000100000110100001110110001110010011011111111001111
0011111111111101001010011110011001101110010100111110010001000111
0100000000010001000000111111101001001111001111011000001111110000
0100000000000111100111111010001001011110000110010010011000110101
0100000000010001000010011110111010101001011000101111011010101010
0011111111111110000110010111100111011011000111010100001011111111
0100000000001110110010011100000010100110110100001100001000100110
0100000000000100000101111001100001000100011110110000000111010010
0100000000010010001000001101111010111100111011000110110000110111
0011111111111001000010010111101001110110010111100011110010001111
0100000000000110000100001011100110110000011010011110101110010110
0100000000000011100101010111101000111110100010101101010011010101
0100000000001000011001100101001001011110001100111110001000000111
0100000000000001101010010010100101101111101101001001011011111010
0100000000001101101001100011000000110000000101101010100000000100
0100000000000000100010001101000001101100101001111000001110111001
0100000000010010100111110100010100101101000011110001000011011001
0100000000000010111111100110110100001000010110011011001011001001
0100000000000111100011001111001010110110000010100001010110010111
0011111111111111101100000010101101101010000011110111100010011101
0100000000001101101010100001010010101001011001110101000000010111
0100000000000011100010011111110000001100100000100101111001100111
0100000000010001111011101101111110001110111011110111000110000000
0011111111111010100110111000101111000110001000011001011000111111
0100000000001000001111100111110011111010110010110011010101010111
0100000000000011100011010001011111111011110110110110100011111100
0100000000001100100110010010001100001010010000011010101100100010
0011111111111111101101011011000111000100100010101010001110100011
0100000000010010010001110100000111000110000101010010101101111011
0100000000000100111001010010101011111000100011110100011111101100
0100000000001010111011010000110100100001000101001110110100100101
0011111111111111110011010111000010101011010000110010000000110111
0100000000010001011010011100101011111111110110011000000010000000
0100000000000100100101010001111100000100001110000100010101101011
0100000000001111001100001011110110010010100011110101110110101110
0011111111111100110001010000011000010011111110010100010110001001
0100000000010010011110010101111011010100111101110101111111011010
0100000000001001111001011110101000110101110000011111011011110111
0100000000001110000110010111001001111001110100101110011000011111
0100000000000101101111000000110110000101011001101100001110101001
0100000000010000111010111011000000101000000011010001110110011101
0011111111111100001101011001101011011110111111010111110111000100
0100000000001111000010111011100101011101000011100011100001111001
0100000000000111011000110101011010010010111000100000000010001010
0100000000010001101010011110110001111101000110100001001001100001
0011111111111100001010010000000111001000101000101111110111100111
0100000000001010011101010110010101010010010101111100000100111011
0100000000000011101000110100010101111110111000111011111001011101
0100000000010000001110111110000000010110001101101111101110101110
0011111111111101001110001100101011001111111001011111001111000000
0100000000010001010111111001101100111011000010011011001100110111
0100000000000111110110110110101000101011011011000001010000100111
0100000000010000011111000001111011010100000110011010011110011001
0100000000000000011100110001110000011110000110011111000001010010
0100000000010000101011111111001000110000000111010001101111110101
0100000000000010000101101110000100010001110100111000000111110010
0100000000010000101011110001110110100110101101110011000000111110
0011111111111101011111010000000010000111001101101000100100001101
0100000000010000011101111100110000100001001101101001010111111000
0100000000000110000000011001000101111111011101010100111100100010
0100000000010001010111000111010000110110010010000111000010000101
0011111111111001111101001110001001111010101101001001100110111001
0100000000001100001110010001000001010101010001100100010100001111
0100000000001000011010000000111101100110010010110001101101000010
0100000000010000000010010001100100101001010111011011010010010011
0100000000000010101110101111001100001110110000100001011000000000
0100000000010001001000011111000011110100010011111101101001000100
0011111111111100101001111000101111100000100100010000111111001110
0100000000001110101000001100100011110001011111100111101101010000
0100000000000101110100111110010011011100101101111000001000100010
0100000000010001110111101111010010111111011111110101010111101101
0011111111111001010010001100111010100111010011001110010110001100
0100000000001000001011101111001000101000011101011000101010010110
0100000000000101100000101110001000000110010010111101011100011111
0100000000001011001011101001100101101111010010010100010111001101
0100000000000001111000011100110110110000101111111000001101100101
0100000000010000111101100111011110001011110011101101101100110100
0011111111111111010100101110011101001110101010111011000100101110
0100000000001111110111101001011001000110000110111110000010101011
0100000000000010111100111011110100001100111001000010000111001100
0100000000010001101111111100101110000111110011111110101011000100
0011111111111010100011111110110100001011000100101011010101001101
0100000000001001100010101101001111001010001101100111010010000001
0100000000000101000110010101100100010101000010100000110010100101
0100000000001110010011111010110101001000000100001000100101101011
0011111111111111011001111010010110111000111011100011101100010100
0100000000010010100100001010100111110010000011100100000100011010
0100000000000101010110001001101001111011110110011011110111000111
0100000000001010000000101000101010001111111010000001000011011111
0100000000000000111100000011010011100101010100101110001011000011
0100000000010000010111000110111010110010010111111100000001000110
0100000000000001100110101100011111001001101101110110000110101101
0100000000010001011101001011100001100110110111011010110100111010
0011111111111111000010001000011111100001001101000011101000000110
0100000000001100101101000011010110100110110100111010100111011000
0100000000000010010110110001010010110111011011010111001111111001
0100000000010001111110010001111111101111111000000101111111011010
0011111111111101011111110001110100101110000011101101101110011100
0100000000001001000001011001010110000011100010100011110101100111
0100000000000001110101101010111111100001101110000101111000011010
0100000000001111010011110101101101010011000010000001110101110011
0100000000000000010110111101111001011001011111011101000000100010
0100000000010010010101110011111011000001111101110111011110110000
0100000000000010101001101011110011011010011110111100110010101101
0100000000001000110101001110000001101011000010011010011110000111
0011111111111110011101100000000101100000010010010011100101111001
0100000000010000010100101010110111110110000111100110000111011011
0100000000000101111110101110011010010111011011011110010110010100
0100000000010001100100000111101010011000001100111000001000101000
0011111111111001111101100011100111011101111001011110101100100100
0100000000001010010011011110011111100011111001101010111110001010
0100000000000110001011010000101100000110000000000010100100011010
0100000000001110100100010110000000111111110100111101100110110000
0100000000000000101111101100110000110111111010011001010101110011
0100000000010010000011111100001001110000011000100000001001000011
0100000000000010000111010111111110110101101010101110110111010001
0100000000001010011011010101011100010000010110101111000101010000
0011111111111110110011011100010101011011111011000100100001001001
0100000000010001011010100000111000010110111110110011100001000100
0100000000000101111100010110101011110011110001100000100001000101
0100000000001111110011100100101101111100110001110100011001001000
0011111111111100101101100100101000100000111001001110100011011110
0100000000010001111010011101111011011011111000101110111101101011
0100000000001001010000001011110100111001110111111011110100110001
0100000000010000000111000100100100011110111000101010010111110101
0100000000000011010000001010011101001110010011101010100100000111
0100000000010001001011010110010100000101001101001110100011110111
0011111111111010110101111011010010000101011100110101011001100010
0100000000001101111100000001010110000101110101011111100010001111
0100000000001000010010011001101100110010000101010111110100101101
0100000000010000111111111110100111100000101011000001001101010100
0100000000000000110011010011011111100110100010110111111001000001
0100000000001110111011101000001100000010110011100111101001110001
0100000000000000101110010100111000001001010101101011101111011000
0100000000010010011110111110100001100010010011011100101101000011
0100000000000001101110011100011001101101111001011110000001001111
0100000000000111010100111011010100010110010000101111100011100000
0011111111111110111101110000001111000010011011100111010010101001
0100000000001101000010011111000100011000011001011011011011011111
0100000000000100000100101010100110011100010100100001010111011111
0100000000010001110010100100110101010101010100111110111100000100
0011111111111001011010101110000110110001100110101010100100100100
0100000000001000100101000100101100100110010000011111000001001101
0100000000000101010010000111101110001010010000111011100000011111
0100000000001100010101101011111010011111100000110111110001111000
0100000000000001001111111011101101110100011001011111001100010101
0100000000010001101110100001000101100101110100001000101000010001
0100000000000000100011110001011100000001011000000011101100110010
0100000000001011111010010000000101101010000100000000100000001011
0100000000000000011010100110011101001010011000101101000110100000
0100000000010010010100111010001011111100010100000000010100001110
0100000000000011000101011010100100011011110110000100110000000110
0100000000001001001111011011111111101011111001001110000111001101
0011111111111110110011100010000110100001100110100111111000110011
0100000000010000100011101101111110100101111111101110100011000111
0100000000000101010001111011110100000010110101001010101000110001
0100000000010001000110111111001100010100101010011101100000110010
0011111111111001111110010000011000100011101111101011111101111111
0100000000001110001100100000011011011101101101110100001001011000
0100000000001010011000000010011100000001101001001110010100101100
0100000000010000110000010001010101111000000101101101110000111111
0100000000000100110101111111010101001101110110011110110001110010
0100000000010000001010001101010001100111111011010110010011001111
0011111111111011101110011111001010101010101011100100111110100100
0100000000010001011111110111010110001111011000011010000110000100
0100000000001011000100111011000010001101111100101011101100100011
0100000000010001000001110010101110000000111100010100011110100000
0100000000000101001111101000001010001011001010010001001000011010
0100000000001111011111101001000000100101111111001110100000110100
0011111111111101001011010001000101110011000000110010100001111010
0100000000010010001101011110101100001001010100111101000011100100
0100000000001001000000011110110001100110111001101001111111100010
0100000000001110110001011011000000100110000010110001111011110010
0100000000000011101010011110101000101101111110001000000010001011
0100000000010001100110010000101100000011001100111001100111110010
0011111111111010011111111010101101111011110110100010011011011110
0100000000001010100110110100100011010010111100100101001100111011
0100000000000101111000100111100000010101000110101010111001101000
0100000000001111011110000011001011100101101001011000000111010010
0011111111111111100111110000101110010011010000000000010100011001
0100000000010001110011111000110001010001111000011101000000010011
0100000000000100000101111111011110100000000000111011010001001101
0100000000001101100101111000011011111101110011101110001010010010
0011111111111101011010101000101010111010110110101011011010011111
0100000000010010111011010001010100001110111011110111011100000000
0100000000001001100101101001010001000001010110100010101111100011
0100000000001100001101010111001011100111001010010111100100010010
0100000000000101111111100011100101001010101100111011100001001010
0100000000010000001010100101101011001000101110100000110001101101
0011111111111101101111000101100100011100100001101000000001100111
0100000000010001011010100000101101011110111100010001001000100010
0100000000000110111110100111100111101111100010000101000111001101
0100000000010000001010111011110100101010011011000011010001011110
0011111111111110111000111000100110001100111111110111100011010101
0100000000010001010001011100010011101110000100100100100110001101
0100000000000101001010101010000110011010001101010001101110100111
0100000000010000001001011011111100101100100110000011111100110111
0011111111111100001110101111101001010110100111011101101100101110
0100000000010001011000000110011011101110011110100110100110110101
0100000000001001011101010011001110110111100011101011010011000100
0100000000010000111000100011101010000100110011100011010000100010
0100000000000010011110001100111100110111011000111111001111001111
0100000000001111100111011000100000100000110111011010100110110110
0011111111111101100011110111001111110101011110110101011110010011
0100000000010010010011001101100001110010010000010010111011001001
0100000000001000010010010110011111000111010001101011100111011011
0100000000001101100110001010110100101000010101010001000010011000
0100000000000010111101011001101000000110111111111011111010010101
0100000000010001011010100111111000010000010111000110100101000110
0011111111111011101000110110110110000111000100011110101000010100
0100000000001100011110011011110111011000100100100100011111001101
0100000000000110010011100100001111111110000111111000110110001101
0100000000010000110111010100000101100011011010111110011101110101
0011111111111100100010001011000101101110010101100101101100010100
0100000000001111100111100101001111010010000110110110111011011110
0100000000000110110101111011000001110100001001000000111001110001
0100000000010001100001010001100010000010001011011000101110001110
0011111111111100001001100101000111100111111101000100010010001001
0100000000001011100100000010101100101111010001101101101111100101
0100000000000100111100111100001101110101010010100101111110011011
0100000000010000101111010011010000010101001111110001010111001011
0011111111111100000111011000111100011101101111100011010101111000
0100000000010000000100110111000001100111101100000110011101111111
0100000000000111110000111110100001101001011010111111011010111110
0100000000010001100101011011000110111110111000101111110010101101
0011111111111101001001100110100110000111000100101101001000011100
0100000000001010111010100111101011111000000111000011011001111110
0100000000000011000101110010011001110011100011100100110000000100
0100000000010000111001010110001000000000101100010000111111011001
0011111111111101001001101111101101001100010000000010010011100000
0100000000001111100101101111101100011110100101000011011000101001
0100000000000101110000110001100001010010110111100110110010011110
0100000000010001100110101101011101011111001000001110000111101010
0011111111111010011010011001000010000110111100100010111001100001
0100000000001010010001111110000001100011000100011000110111011110
0100000000000101100111000111001000110000111110101011111011110111
0100000000001110111000001000101000010000111000100110110011010010
0011111111111111100100011101101001010010110001011100010001011010
0100000000010010001111001000001100111110000100100011111111111011
0100000000000100011100011000101101110001011010011100110111001110
0100000000001010110111000011011111011101111001000100000110001111
0011111111111111100110111110100011010011000100010111100101111011
0100000000010001100001100100101010100000110111000101001010010000
0100000000000100111100111110011101010101011011100100110011100001
0100000000001110111001010010101011010001000100000100100110011100
0011111111111101010100000100100001010011111000001010000000111110
0100000000010010010010101100001111010101111100011000110011010010
0100000000001000111010101011110001111110101111101011110010101111
0100000000001110001011001001011011111111110000101101010110111101
0100000000000011011100100110101111100010101101001000100101111101
0100000000010001010110011110011111111000011011010100101110011101
0011111111111010100111100100100010100110000110010110000000111011
0100000000001100111001000000111111010000010001100111010100101111
0100000000000111100110001011011111000010110001010010010111101010
0100000000010000111011011111000100101000010011110011000000011000
0011111111111111100001010111000000001110001011100011101101111101
0100000000001111001111000111001000110001011001110110011010110001
0100000000000010111000001010010110100001100010101111101110000111
0100000000010010000011110010001010101110000001110010001011101001
0011111111111010111110100111100111010011101010000100110100010011
0100000000000111010111101001100011000011101110010110001000101011
0100000000000010100000101101010101000110011001001010100001110100
0100000000001100001000110110000000101100001111111110101111101110
0100000000000000000101010110001110110110111110011101110000100010
0100000000010010001000001101101010011111010010011100110011010100
0100000000000011111000101101001011010100101111101110010100001000
0100000000001011001100010010001111001100001011111001001011100110
0011111111111110111101101100000011011111010000110100100010010111
0100000000010001111010111100111110110110110011011010101100101011
0100000000000101110101010110100101000100010101110001010010110110
0100000000001110000110011000001110001111001110110111001111010111
0011111111111111001110011001000010011001100101010001011010000110
0100000000010010010010101110100110010001110110001010111011000010
0100000000000101001011010101100011111111101100010101001101110101
0100000000001011000101010111101111101110110101000010001110101100
0100000000000000100011011100001111100010000101010000011101011010
0100000000010001010010010000100001101001011001000100111100010111
0100000000000010001101000111101101010100100101101111110010100011
0100000000001111000001010001111101010011000010000100011111011111
0011111111111101000000101010110100110011100011100110100011011110
0100000000010010011111001010000110100111111001010010010001001011
0100000000001001111011100110101001100000101100000110010001111001
0100000000001110000100001111110000110000110110001111000011100011
0100000000000101110100000111010000000000111111000110001101010010
0100000000010000110110011000011101001111100011101111100101100001
0011111111111100100100000101111000011000011101010011100011111001
0100000000001111011101011101011010010010100101001000011001010001
0100000000000110100111000111011001000101100000001100000111010100
0100000000010001100100111110000001110111100100000011101010110000
0011111111111011101011010011100100100101010110010000010110111100
0100000000001010110000011111001110101011100000001111100010000010
0100000000000100011010010010011100010101011010100100101110100111
0100000000010000010111011001100101111111101100010000100100000110
0011111111111100010101111110110110010000000000111001000010010100
0100000000010001001000010110010101000101100101000001000101111100
0100000000001001010011011100001110101010010110100100111111011111
0100000000010001001100111001101001010001101111011110000000000001
0100000000000001100100011000111110000111011000111000011001010011
0100000000001110011100110110000110101111010111010011110100111011
0011111111111111011011110001110011110101110011001101111001010011
0100000000010010011101111011001100111101000100110001100110110001
0100000000000101011100011011001100100111000111110001100100111100
0100000000001010011111100001000110100100100111001100101000101010
0100000000000000110001011111100101011111110110101110001101110001
0100000000010000111110010010011100101011000110101001010010001010
0100000000000001101011001100001111100001010110001110100100111110
0100000000010000010011001100101011111110010111001010000000000100
0011111111111111001100011111101100100101010000011000111101011010
0100000000010001100000001011001001110111011110110111111101010010
0100000000000100011101000000011011010111111100101111110100001111
0100000000001110110001011101100010110010110000001100110100000011
0011111111111011111000110111100111100110100010011011110100110111
0100000000010010100100101001110010111100000000010111010001111101
0100000000001100000111111100110100000001001011111110000101111010
0100000000001111101100011011111110001111000111111011010111110001
0100000000001000101011011001010001111001011001000111100001000111
0100000000010000100110011001001011111110100010000011101000011011
0100000000000010000000010101111010111100001110110010010111011111
0100000000010000010110010000110110010110001110101110100000000001
0011111111111101011011001011010100110110011011000001001111111111
0100000000010001011001101011100001111000000101111111010100101011
0100000000000111001100101100100011100010100101101100010000111000
0100000000010000010001010100101111011110011100000110011011010011
0011111111111111100110110100101000101100000001010011110111111010
0100000000010001000111110111001111110010000111010110110110011101
0100000000000100000010001100100010110011011011010110100101011010
0100000000010000010111000100101111011011001010111001000010100101
0011111111111011001001001011011000001110011110000011111100001010
0100000000010001000011101000101110100011001011101000011010101101
0100000000001011100000010111101011010000101011100011101111110001
0100000000010001011100110011111110001010001111001101011110110110
0100000000000110001100110101111001001000001011010110011010101111
0100000000001110110110110010100001101101011110111111011010100011
0011111111111110111000001100111110000100011010110100100110001011
0100000000010010010111010101110111111111001111100100000100000100
0100000000000110001100100100111111010111101000000111110000011101
0100000000001011100000101010000001001100110000101001011001001000
0100000000000001100000101000100100110110101001011000111101101000
0100000000010001011000110111001000110110110110111100101100111010
0100000000000000100110011010101101100101111001110000000011100000
0100000000001101101000100110001110101101001001000100011110100111
0100000000000000011101111000011000010101111011001001001111101001
0100000000010010101100101001011101100101100101001011100010011101
0100000000000011001111010100110100100000111111000101010110001110
0100000000000111001011001001111110000001000101011000000000000101
0100000000000000000000111010011110100010111001101110001111001111
0100000000001100001110111100010101010001100001110110111001111010
0100000000000010011000010010000101001000011100010100011101010101
0100000000010001101011110000001001100110110111000100011010111001
0011111111111101110110101000100001110010001001110110011000100110
0100000000001010111101001010010111111101000001011110101001101011
0100000000000010010001101101001010000111101010011001010101111100
0100000000010001001001110010011011010010100001010000110100000001
0011111111111110001000010010011110100101100001110000011011000111
0100000000001110111000101101010011101001001110111101011011001001
0100000000000100000111000010000110001010111001000011010000001101
0100000000010010000110111100100100101110010101001011000101000011
0011111111111001011001100111010000011100100010001110111101111010
0100000000000110010111101101010001011010001010100010100101110110
0100000000000011010011010100110000001011100000000101011100101101
0100000000001001001110010011010110100001111111100010101001100000
0100000000000001010110011011010111101010101111100000000100000111
0100000000001111110101111101101101101011010000010110001001000111
0100000000000000100100111111001011101001101111111111011011111100
0100000000010001110011010110101100011010100111100110010011101110
0100000000000010010001110110100001000100000011100101010001010100
0100000000001100100011010011101100010110111100111010100111011110
0011111111111110011000001000110010010011000001111101110000010010
0100000000010010110011010000001000011000011110110110101110000100
0100000000000111101100001100011000010001100110001110111100011001
0100000000001010111100101100001011110111010100101011110000111101
0100000000000011100000010101110100011101101001101101110100010110
0100000000010000000100001000011101110001110111100011011011101010
0011111111111100110010110000111101001011101110000000110100100010
0100000000010001110110111000100100010011010011101101001011000101
0100000000001001100010111011010001011001000100010011101100001001
0100000000010000001111011110010001011000110100011110001100010010
0100000000000011000100010011001111001001110011111011101111101110
0100000000010001000000001101101111011110100000010010010111000111
0011111111111011011000000100100111111001011010101010011010001000
0100000000001110110011001011001111000000110000001010111001011011
0100000000001000010101000100001000100000000001100010001011100100
0100000000010001100011111000101001110111001010101001001111000011
0011111111111111111000110010001111101010010110101100010111111100
0100000000001011011110101100000110100010110010111101000100110100
0100000000000001010101100010000011011101010010101010000100001000
0100000000010001110100110110100100000001100001101110100111100000
0100000000000000110001011011001100110011001101101101011101011100
0100000000001011011110011000101000101111101110111110100000001010
0100000000000000001100001111011110001010110100001011101111000110
0100000000010001111110010010101111010111111011000011100101100010
0100000000000011100010100100101010010100010010011100010100000011
0100000000001100001100101011101111011110111000101101011001101010
0011111111111110001110000100010110011000101001100011010100010100
0100000000010010100101100010101010100101101010000101111101000011
0100000000000111100000011010000110011010101011100101110111000011
0100000000001011101111101110000101000100111111111100000011010110
0100000000000011001010010101111111100110011110110001001000111110
0100000000010000101100101110100101100111100100100111000110001110
0011111111111100110101100000100110011100111001010011010111101110
0100000000010000100001101010101110010001101100010001110110111100
0100000000000111101100101010111011110001001101100001110100101000
0100000000010001010101110100110011011001000001010110111011011101
0011111111111110010100011100100110110111011100011010100011110001
0100000000001100101100011101101111111100010011000100100011010010
0100000000000011000001110000000101010011101000011010001111101101
0100000000010001110101111011010111001001111110000010100110001110
0011111111111100000111001011101001100101010010000001110001001100
0100000000001001011011101011010101010000111011000100110011100000
01000000000000110